<NUMBER OF ZONES> 	98
<NUMBER OF NODES> 	974
<FIRST THRU NODE> 	99
<NUMBER OF LINKS> 	2184
<END OF METADATA> 	

~ 	 Init node 	 Term node 	 Capacity 	 Length 	 Free Flow Time 	 B 	 Power 	 Speed limit 	 Toll 	 Type 	 ;
	1	817	999999	0	0	0	4	0	0	0	;
	1	816	999999	0	0	0	4	0	0	0	;
	1	820	999999	0	0	0	4	0	0	0	;
	1	821	999999	0	0	0	4	0	0	0	;
	2	750	999999	0	0	0	4	0	0	0	;
	2	752	999999	0	0	0	4	0	0	0	;
	2	753	999999	0	0	0	4	0	0	0	;
	2	780	999999	0	0	0	4	0	0	0	;
	3	755	999999	0	0	0	4	0	0	0	;
	3	756	999999	0	0	0	4	0	0	0	;
	3	757	999999	0	0	0	4	0	0	0	;
	3	758	999999	0	0	0	4	0	0	0	;
	4	718	999999	0	0	0	4	0	0	0	;
	4	723	999999	0	0	0	4	0	0	0	;
	4	724	999999	0	0	0	4	0	0	0	;
	4	760	999999	0	0	0	4	0	0	0	;
	5	751	999999	0	0	0	4	0	0	0	;
	5	752	999999	0	0	0	4	0	0	0	;
	5	891	999999	0	0	0	4	0	0	0	;
	5	892	999999	0	0	0	4	0	0	0	;
	6	678	999999	0	0	0	4	0	0	0	;
	6	706	999999	0	0	0	4	0	0	0	;
	6	761	999999	0	0	0	4	0	0	0	;
	6	808	999999	0	0	0	4	0	0	0	;
	7	221	999999	0	0	0	4	0	0	0	;
	7	222	999999	0	0	0	4	0	0	0	;
	7	231	999999	0	0	0	4	0	0	0	;
	7	240	999999	0	0	0	4	0	0	0	;
	8	898	999999	0	0	0	4	0	0	0	;
	8	899	999999	0	0	0	4	0	0	0	;
	8	900	999999	0	0	0	4	0	0	0	;
	8	903	999999	0	0	0	4	0	0	0	;
	9	587	999999	0	0	0	4	0	0	0	;
	9	650	999999	0	0	0	4	0	0	0	;
	9	658	999999	0	0	0	4	0	0	0	;
	9	901	999999	0	0	0	4	0	0	0	;
	10	563	999999	0	0	0	4	0	0	0	;
	10	565	999999	0	0	0	4	0	0	0	;
	10	567	999999	0	0	0	4	0	0	0	;
	10	569	999999	0	0	0	4	0	0	0	;
	11	257	999999	0	0	0	4	0	0	0	;
	11	783	999999	0	0	0	4	0	0	0	;
	11	787	999999	0	0	0	4	0	0	0	;
	11	791	999999	0	0	0	4	0	0	0	;
	12	432	999999	0	0	0	4	0	0	0	;
	12	436	999999	0	0	0	4	0	0	0	;
	12	442	999999	0	0	0	4	0	0	0	;
	12	443	999999	0	0	0	4	0	0	0	;
	13	648	999999	0	0	0	4	0	0	0	;
	13	683	999999	0	0	0	4	0	0	0	;
	13	685	999999	0	0	0	4	0	0	0	;
	13	973	999999	0	0	0	4	0	0	0	;
	14	461	999999	0	0	0	4	0	0	0	;
	14	462	999999	0	0	0	4	0	0	0	;
	14	463	999999	0	0	0	4	0	0	0	;
	14	466	999999	0	0	0	4	0	0	0	;
	15	647	999999	0	0	0	4	0	0	0	;
	15	657	999999	0	0	0	4	0	0	0	;
	15	659	999999	0	0	0	4	0	0	0	;
	15	673	999999	0	0	0	4	0	0	0	;
	16	365	999999	0	0	0	4	0	0	0	;
	16	766	999999	0	0	0	4	0	0	0	;
	16	768	999999	0	0	0	4	0	0	0	;
	16	769	999999	0	0	0	4	0	0	0	;
	17	369	999999	0	0	0	4	0	0	0	;
	17	470	999999	0	0	0	4	0	0	0	;
	17	471	999999	0	0	0	4	0	0	0	;
	17	473	999999	0	0	0	4	0	0	0	;
	18	394	999999	0	0	0	4	0	0	0	;
	18	453	999999	0	0	0	4	0	0	0	;
	18	867	999999	0	0	0	4	0	0	0	;
	18	869	999999	0	0	0	4	0	0	0	;
	19	142	999999	0	0	0	4	0	0	0	;
	19	285	999999	0	0	0	4	0	0	0	;
	19	289	999999	0	0	0	4	0	0	0	;
	19	803	999999	0	0	0	4	0	0	0	;
	20	333	999999	0	0	0	4	0	0	0	;
	20	334	999999	0	0	0	4	0	0	0	;
	20	363	999999	0	0	0	4	0	0	0	;
	20	366	999999	0	0	0	4	0	0	0	;
	21	352	999999	0	0	0	4	0	0	0	;
	21	359	999999	0	0	0	4	0	0	0	;
	21	919	999999	0	0	0	4	0	0	0	;
	21	921	999999	0	0	0	4	0	0	0	;
	22	638	999999	0	0	0	4	0	0	0	;
	22	640	999999	0	0	0	4	0	0	0	;
	22	641	999999	0	0	0	4	0	0	0	;
	22	937	999999	0	0	0	4	0	0	0	;
	23	277	999999	0	0	0	4	0	0	0	;
	23	874	999999	0	0	0	4	0	0	0	;
	23	876	999999	0	0	0	4	0	0	0	;
	23	877	999999	0	0	0	4	0	0	0	;
	24	455	999999	0	0	0	4	0	0	0	;
	24	732	999999	0	0	0	4	0	0	0	;
	24	733	999999	0	0	0	4	0	0	0	;
	24	734	999999	0	0	0	4	0	0	0	;
	25	767	999999	0	0	0	4	0	0	0	;
	25	771	999999	0	0	0	4	0	0	0	;
	25	772	999999	0	0	0	4	0	0	0	;
	25	774	999999	0	0	0	4	0	0	0	;
	26	454	999999	0	0	0	4	0	0	0	;
	26	767	999999	0	0	0	4	0	0	0	;
	26	773	999999	0	0	0	4	0	0	0	;
	26	825	999999	0	0	0	4	0	0	0	;
	27	131	999999	0	0	0	4	0	0	0	;
	27	199	999999	0	0	0	4	0	0	0	;
	27	202	999999	0	0	0	4	0	0	0	;
	27	267	999999	0	0	0	4	0	0	0	;
	28	152	999999	0	0	0	4	0	0	0	;
	28	157	999999	0	0	0	4	0	0	0	;
	28	163	999999	0	0	0	4	0	0	0	;
	28	166	999999	0	0	0	4	0	0	0	;
	29	150	999999	0	0	0	4	0	0	0	;
	29	151	999999	0	0	0	4	0	0	0	;
	29	545	999999	0	0	0	4	0	0	0	;
	29	548	999999	0	0	0	4	0	0	0	;
	30	150	999999	0	0	0	4	0	0	0	;
	30	151	999999	0	0	0	4	0	0	0	;
	30	159	999999	0	0	0	4	0	0	0	;
	30	952	999999	0	0	0	4	0	0	0	;
	31	168	999999	0	0	0	4	0	0	0	;
	31	170	999999	0	0	0	4	0	0	0	;
	31	215	999999	0	0	0	4	0	0	0	;
	31	216	999999	0	0	0	4	0	0	0	;
	32	339	999999	0	0	0	4	0	0	0	;
	32	340	999999	0	0	0	4	0	0	0	;
	32	344	999999	0	0	0	4	0	0	0	;
	32	351	999999	0	0	0	4	0	0	0	;
	33	342	999999	0	0	0	4	0	0	0	;
	33	346	999999	0	0	0	4	0	0	0	;
	33	347	999999	0	0	0	4	0	0	0	;
	33	475	999999	0	0	0	4	0	0	0	;
	34	631	999999	0	0	0	4	0	0	0	;
	34	632	999999	0	0	0	4	0	0	0	;
	34	633	999999	0	0	0	4	0	0	0	;
	34	636	999999	0	0	0	4	0	0	0	;
	35	596	999999	0	0	0	4	0	0	0	;
	35	709	999999	0	0	0	4	0	0	0	;
	35	710	999999	0	0	0	4	0	0	0	;
	35	711	999999	0	0	0	4	0	0	0	;
	36	478	999999	0	0	0	4	0	0	0	;
	36	492	999999	0	0	0	4	0	0	0	;
	36	493	999999	0	0	0	4	0	0	0	;
	36	496	999999	0	0	0	4	0	0	0	;
	37	298	999999	0	0	0	4	0	0	0	;
	37	738	999999	0	0	0	4	0	0	0	;
	37	743	999999	0	0	0	4	0	0	0	;
	37	845	999999	0	0	0	4	0	0	0	;
	38	293	999999	0	0	0	4	0	0	0	;
	38	748	999999	0	0	0	4	0	0	0	;
	38	778	999999	0	0	0	4	0	0	0	;
	38	781	999999	0	0	0	4	0	0	0	;
	39	293	999999	0	0	0	4	0	0	0	;
	39	296	999999	0	0	0	4	0	0	0	;
	39	298	999999	0	0	0	4	0	0	0	;
	39	738	999999	0	0	0	4	0	0	0	;
	40	795	999999	0	0	0	4	0	0	0	;
	40	799	999999	0	0	0	4	0	0	0	;
	40	800	999999	0	0	0	4	0	0	0	;
	40	896	999999	0	0	0	4	0	0	0	;
	41	700	999999	0	0	0	4	0	0	0	;
	41	703	999999	0	0	0	4	0	0	0	;
	41	704	999999	0	0	0	4	0	0	0	;
	41	735	999999	0	0	0	4	0	0	0	;
	42	829	999999	0	0	0	4	0	0	0	;
	42	911	999999	0	0	0	4	0	0	0	;
	42	912	999999	0	0	0	4	0	0	0	;
	42	914	999999	0	0	0	4	0	0	0	;
	43	720	999999	0	0	0	4	0	0	0	;
	43	793	999999	0	0	0	4	0	0	0	;
	43	794	999999	0	0	0	4	0	0	0	;
	43	795	999999	0	0	0	4	0	0	0	;
	44	705	999999	0	0	0	4	0	0	0	;
	44	707	999999	0	0	0	4	0	0	0	;
	44	718	999999	0	0	0	4	0	0	0	;
	44	723	999999	0	0	0	4	0	0	0	;
	45	845	999999	0	0	0	4	0	0	0	;
	45	929	999999	0	0	0	4	0	0	0	;
	45	933	999999	0	0	0	4	0	0	0	;
	45	935	999999	0	0	0	4	0	0	0	;
	46	843	999999	0	0	0	4	0	0	0	;
	46	859	999999	0	0	0	4	0	0	0	;
	46	860	999999	0	0	0	4	0	0	0	;
	46	862	999999	0	0	0	4	0	0	0	;
	47	855	999999	0	0	0	4	0	0	0	;
	47	856	999999	0	0	0	4	0	0	0	;
	47	860	999999	0	0	0	4	0	0	0	;
	47	863	999999	0	0	0	4	0	0	0	;
	48	291	999999	0	0	0	4	0	0	0	;
	48	301	999999	0	0	0	4	0	0	0	;
	48	784	999999	0	0	0	4	0	0	0	;
	48	788	999999	0	0	0	4	0	0	0	;
	49	692	999999	0	0	0	4	0	0	0	;
	49	695	999999	0	0	0	4	0	0	0	;
	49	696	999999	0	0	0	4	0	0	0	;
	49	697	999999	0	0	0	4	0	0	0	;
	50	138	999999	0	0	0	4	0	0	0	;
	50	583	999999	0	0	0	4	0	0	0	;
	50	585	999999	0	0	0	4	0	0	0	;
	50	586	999999	0	0	0	4	0	0	0	;
	51	528	999999	0	0	0	4	0	0	0	;
	51	529	999999	0	0	0	4	0	0	0	;
	51	530	999999	0	0	0	4	0	0	0	;
	51	950	999999	0	0	0	4	0	0	0	;
	52	246	999999	0	0	0	4	0	0	0	;
	52	247	999999	0	0	0	4	0	0	0	;
	52	368	999999	0	0	0	4	0	0	0	;
	52	369	999999	0	0	0	4	0	0	0	;
	53	246	999999	0	0	0	4	0	0	0	;
	53	247	999999	0	0	0	4	0	0	0	;
	53	248	999999	0	0	0	4	0	0	0	;
	53	249	999999	0	0	0	4	0	0	0	;
	54	208	999999	0	0	0	4	0	0	0	;
	54	210	999999	0	0	0	4	0	0	0	;
	54	212	999999	0	0	0	4	0	0	0	;
	54	217	999999	0	0	0	4	0	0	0	;
	55	419	999999	0	0	0	4	0	0	0	;
	55	420	999999	0	0	0	4	0	0	0	;
	55	424	999999	0	0	0	4	0	0	0	;
	55	425	999999	0	0	0	4	0	0	0	;
	56	120	999999	0	0	0	4	0	0	0	;
	56	121	999999	0	0	0	4	0	0	0	;
	56	128	999999	0	0	0	4	0	0	0	;
	56	448	999999	0	0	0	4	0	0	0	;
	57	275	999999	0	0	0	4	0	0	0	;
	57	353	999999	0	0	0	4	0	0	0	;
	57	355	999999	0	0	0	4	0	0	0	;
	57	357	999999	0	0	0	4	0	0	0	;
	58	123	999999	0	0	0	4	0	0	0	;
	58	124	999999	0	0	0	4	0	0	0	;
	58	276	999999	0	0	0	4	0	0	0	;
	58	284	999999	0	0	0	4	0	0	0	;
	59	263	999999	0	0	0	4	0	0	0	;
	59	268	999999	0	0	0	4	0	0	0	;
	59	456	999999	0	0	0	4	0	0	0	;
	59	699	999999	0	0	0	4	0	0	0	;
	60	262	999999	0	0	0	4	0	0	0	;
	60	264	999999	0	0	0	4	0	0	0	;
	60	266	999999	0	0	0	4	0	0	0	;
	60	271	999999	0	0	0	4	0	0	0	;
	61	263	999999	0	0	0	4	0	0	0	;
	61	268	999999	0	0	0	4	0	0	0	;
	61	269	999999	0	0	0	4	0	0	0	;
	61	699	999999	0	0	0	4	0	0	0	;
	62	203	999999	0	0	0	4	0	0	0	;
	62	205	999999	0	0	0	4	0	0	0	;
	62	263	999999	0	0	0	4	0	0	0	;
	62	265	999999	0	0	0	4	0	0	0	;
	63	267	999999	0	0	0	4	0	0	0	;
	63	271	999999	0	0	0	4	0	0	0	;
	63	272	999999	0	0	0	4	0	0	0	;
	63	322	999999	0	0	0	4	0	0	0	;
	64	544	999999	0	0	0	4	0	0	0	;
	64	550	999999	0	0	0	4	0	0	0	;
	64	553	999999	0	0	0	4	0	0	0	;
	64	643	999999	0	0	0	4	0	0	0	;
	65	143	999999	0	0	0	4	0	0	0	;
	65	183	999999	0	0	0	4	0	0	0	;
	65	550	999999	0	0	0	4	0	0	0	;
	65	554	999999	0	0	0	4	0	0	0	;
	66	143	999999	0	0	0	4	0	0	0	;
	66	144	999999	0	0	0	4	0	0	0	;
	66	145	999999	0	0	0	4	0	0	0	;
	66	218	999999	0	0	0	4	0	0	0	;
	67	551	999999	0	0	0	4	0	0	0	;
	67	582	999999	0	0	0	4	0	0	0	;
	67	583	999999	0	0	0	4	0	0	0	;
	67	616	999999	0	0	0	4	0	0	0	;
	68	601	999999	0	0	0	4	0	0	0	;
	68	608	999999	0	0	0	4	0	0	0	;
	68	611	999999	0	0	0	4	0	0	0	;
	68	940	999999	0	0	0	4	0	0	0	;
	69	601	999999	0	0	0	4	0	0	0	;
	69	603	999999	0	0	0	4	0	0	0	;
	69	611	999999	0	0	0	4	0	0	0	;
	69	938	999999	0	0	0	4	0	0	0	;
	70	146	999999	0	0	0	4	0	0	0	;
	70	162	999999	0	0	0	4	0	0	0	;
	70	174	999999	0	0	0	4	0	0	0	;
	70	521	999999	0	0	0	4	0	0	0	;
	71	343	999999	0	0	0	4	0	0	0	;
	71	345	999999	0	0	0	4	0	0	0	;
	71	348	999999	0	0	0	4	0	0	0	;
	71	349	999999	0	0	0	4	0	0	0	;
	72	514	999999	0	0	0	4	0	0	0	;
	72	523	999999	0	0	0	4	0	0	0	;
	72	525	999999	0	0	0	4	0	0	0	;
	72	526	999999	0	0	0	4	0	0	0	;
	73	434	999999	0	0	0	4	0	0	0	;
	73	444	999999	0	0	0	4	0	0	0	;
	73	506	999999	0	0	0	4	0	0	0	;
	73	507	999999	0	0	0	4	0	0	0	;
	74	337	999999	0	0	0	4	0	0	0	;
	74	341	999999	0	0	0	4	0	0	0	;
	74	508	999999	0	0	0	4	0	0	0	;
	74	956	999999	0	0	0	4	0	0	0	;
	75	557	999999	0	0	0	4	0	0	0	;
	75	558	999999	0	0	0	4	0	0	0	;
	75	584	999999	0	0	0	4	0	0	0	;
	75	607	999999	0	0	0	4	0	0	0	;
	76	533	999999	0	0	0	4	0	0	0	;
	76	542	999999	0	0	0	4	0	0	0	;
	76	600	999999	0	0	0	4	0	0	0	;
	76	602	999999	0	0	0	4	0	0	0	;
	77	478	999999	0	0	0	4	0	0	0	;
	77	479	999999	0	0	0	4	0	0	0	;
	77	482	999999	0	0	0	4	0	0	0	;
	77	483	999999	0	0	0	4	0	0	0	;
	78	770	999999	0	0	0	4	0	0	0	;
	78	775	999999	0	0	0	4	0	0	0	;
	78	776	999999	0	0	0	4	0	0	0	;
	78	777	999999	0	0	0	4	0	0	0	;
	79	302	999999	0	0	0	4	0	0	0	;
	79	737	999999	0	0	0	4	0	0	0	;
	79	741	999999	0	0	0	4	0	0	0	;
	79	778	999999	0	0	0	4	0	0	0	;
	80	102	999999	0	0	0	4	0	0	0	;
	80	775	999999	0	0	0	4	0	0	0	;
	80	776	999999	0	0	0	4	0	0	0	;
	80	958	999999	0	0	0	4	0	0	0	;
	81	321	999999	0	0	0	4	0	0	0	;
	81	323	999999	0	0	0	4	0	0	0	;
	81	373	999999	0	0	0	4	0	0	0	;
	81	377	999999	0	0	0	4	0	0	0	;
	82	570	999999	0	0	0	4	0	0	0	;
	82	573	999999	0	0	0	4	0	0	0	;
	82	574	999999	0	0	0	4	0	0	0	;
	82	578	999999	0	0	0	4	0	0	0	;
	83	223	999999	0	0	0	4	0	0	0	;
	83	224	999999	0	0	0	4	0	0	0	;
	83	237	999999	0	0	0	4	0	0	0	;
	83	273	999999	0	0	0	4	0	0	0	;
	84	208	999999	0	0	0	4	0	0	0	;
	84	306	999999	0	0	0	4	0	0	0	;
	84	307	999999	0	0	0	4	0	0	0	;
	84	308	999999	0	0	0	4	0	0	0	;
	85	109	999999	0	0	0	4	0	0	0	;
	85	354	999999	0	0	0	4	0	0	0	;
	85	360	999999	0	0	0	4	0	0	0	;
	85	624	999999	0	0	0	4	0	0	0	;
	86	271	999999	0	0	0	4	0	0	0	;
	86	272	999999	0	0	0	4	0	0	0	;
	86	309	999999	0	0	0	4	0	0	0	;
	86	322	999999	0	0	0	4	0	0	0	;
	87	619	999999	0	0	0	4	0	0	0	;
	87	642	999999	0	0	0	4	0	0	0	;
	87	923	999999	0	0	0	4	0	0	0	;
	87	924	999999	0	0	0	4	0	0	0	;
	88	400	999999	0	0	0	4	0	0	0	;
	88	401	999999	0	0	0	4	0	0	0	;
	88	545	999999	0	0	0	4	0	0	0	;
	88	547	999999	0	0	0	4	0	0	0	;
	89	146	999999	0	0	0	4	0	0	0	;
	89	147	999999	0	0	0	4	0	0	0	;
	89	162	999999	0	0	0	4	0	0	0	;
	89	174	999999	0	0	0	4	0	0	0	;
	90	107	999999	0	0	0	4	0	0	0	;
	90	517	999999	0	0	0	4	0	0	0	;
	90	519	999999	0	0	0	4	0	0	0	;
	90	520	999999	0	0	0	4	0	0	0	;
	91	186	999999	0	0	0	4	0	0	0	;
	91	187	999999	0	0	0	4	0	0	0	;
	91	214	999999	0	0	0	4	0	0	0	;
	91	610	999999	0	0	0	4	0	0	0	;
	92	256	999999	0	0	0	4	0	0	0	;
	92	610	999999	0	0	0	4	0	0	0	;
	92	710	999999	0	0	0	4	0	0	0	;
	92	838	999999	0	0	0	4	0	0	0	;
	93	596	999999	0	0	0	4	0	0	0	;
	93	610	999999	0	0	0	4	0	0	0	;
	93	709	999999	0	0	0	4	0	0	0	;
	93	715	999999	0	0	0	4	0	0	0	;
	94	310	999999	0	0	0	4	0	0	0	;
	94	311	999999	0	0	0	4	0	0	0	;
	94	763	999999	0	0	0	4	0	0	0	;
	94	764	999999	0	0	0	4	0	0	0	;
	95	189	999999	0	0	0	4	0	0	0	;
	95	198	999999	0	0	0	4	0	0	0	;
	95	516	999999	0	0	0	4	0	0	0	;
	95	966	999999	0	0	0	4	0	0	0	;
	96	737	999999	0	0	0	4	0	0	0	;
	96	744	999999	0	0	0	4	0	0	0	;
	96	776	999999	0	0	0	4	0	0	0	;
	96	893	999999	0	0	0	4	0	0	0	;
	97	834	999999	0	0	0	4	0	0	0	;
	98	517	999999	0	0	0	4	0	0	0	;
	98	518	999999	0	0	0	4	0	0	0	;
	99	100	2400	1	0.33333299999999999041	1	4	0	0	1	;
	99	914	2400	142	4.6666670000000003427	1	4	0	0	1	;
	100	99	2400	1	0.33333299999999999041	1	4	0	0	1	;
	102	80	999999	0	0	0	4	0	0	0	;
	102	958	2400	24	0.66666700000000000959	1	4	0	0	1	;
	103	376	600	315	8	1	4	0	0	1	;
	103	433	600	240	6	1	4	0	0	1	;
	104	103	600	196	5	1	4	0	0	1	;
	105	108	900	25	1	1	4	0	0	1	;
	105	111	2800	414	12.666667000000000343	1	4	0	0	1	;
	106	107	2800	317	14	1	4	0	0	1	;
	107	90	999999	0	0	0	4	0	0	0	;
	107	108	2800	181	8.6666670000000003427	1	4	0	0	1	;
	108	105	900	25	0.66666700000000000959	1	4	0	0	1	;
	108	168	2800	408	22	1	4	0	0	1	;
	108	522	900	212	8.3333329999999996573	1	4	0	0	1	;
	109	85	999999	0	0	0	4	0	0	0	;
	109	110	900	32	0.66666700000000000959	1	4	0	0	1	;
	109	119	2800	52	1.3333330000000001014	1	4	0	0	1	;
	110	113	2800	19	0.66666700000000000959	1	4	0	0	1	;
	110	288	900	318	8.3333329999999996573	1	4	0	0	1	;
	111	198	2800	308	11.333332999999999657	1	4	0	0	1	;
	112	109	2800	20	1	1	4	0	0	1	;
	112	360	900	102	2.6666669999999998986	1	4	0	0	1	;
	113	112	900	32	1	1	4	0	0	1	;
	113	208	2800	198	5	1	4	0	0	1	;
	114	428	2800	222	13.333332999999999657	1	4	0	0	1	;
	115	116	2400	28	0.66666700000000000959	1	4	0	0	1	;
	116	117	2800	44	1.3333330000000001014	1	4	0	0	1	;
	116	408	2400	202	11.333332999999999657	1	4	0	0	1	;
	117	122	2400	29	0.66666700000000000959	1	4	0	0	1	;
	117	128	2800	131	3.6666669999999998986	1	4	0	0	1	;
	118	179	2800	106	6	1	4	0	0	1	;
	119	120	2800	227	9	1	4	0	0	1	;
	120	56	999999	0	0	0	4	0	0	0	;
	120	121	900	30	0.66666700000000000959	1	4	0	0	1	;
	120	122	2800	294	17.333332999999999657	1	4	0	0	1	;
	121	56	999999	0	0	0	4	0	0	0	;
	121	110	2800	280	10	1	4	0	0	1	;
	121	120	900	30	0.66666700000000000959	1	4	0	0	1	;
	122	115	2800	44	1.6666669999999998986	1	4	0	0	1	;
	122	625	2400	118	4	1	4	0	0	1	;
	123	58	999999	0	0	0	4	0	0	0	;
	123	124	2800	108	9.6666670000000003427	1	4	0	0	1	;
	124	58	999999	0	0	0	4	0	0	0	;
	124	125	600	34	1	1	4	0	0	1	;
	124	194	2800	235	17.333332999999999657	1	4	0	0	1	;
	125	124	600	34	1	1	4	0	0	1	;
	125	126	2800	235	6.6666670000000003427	1	4	0	0	1	;
	126	130	2800	104	10.666667000000000343	1	4	0	0	1	;
	127	116	2800	177	16.666667000000000343	1	4	0	0	1	;
	128	56	999999	0	0	0	4	0	0	0	;
	128	121	2800	164	6	1	4	0	0	1	;
	129	123	2800	227	9.6666670000000003427	1	4	0	0	1	;
	129	130	2400	34	1.6666669999999998986	1	4	0	0	1	;
	130	429	2800	18	0.66666700000000000959	1	4	0	0	1	;
	130	917	2400	170	10	1	4	0	0	1	;
	131	27	999999	0	0	0	4	0	0	0	;
	131	138	2800	44	1.3333330000000001014	1	4	0	0	1	;
	131	141	2800	320	18.333332999999999657	1	4	0	0	1	;
	132	133	2800	106	3.3333330000000001014	1	4	0	0	1	;
	134	138	2800	321	19.333332999999999657	1	4	0	0	1	;
	134	141	2800	39	1.3333330000000001014	1	4	0	0	1	;
	135	137	2800	115	2.3333330000000001014	1	4	0	0	1	;
	136	135	2800	138	3	1	4	0	0	1	;
	137	285	2800	39	0.66666700000000000959	1	4	0	0	1	;
	137	393	2400	224	6	1	4	0	0	1	;
	138	50	999999	0	0	0	4	0	0	0	;
	138	176	2800	35	1.3333330000000001014	1	4	0	0	1	;
	138	694	2800	82	2	1	4	0	0	1	;
	139	140	2800	58	1.6666669999999998986	1	4	0	0	1	;
	140	132	2800	121	3	1	4	0	0	1	;
	141	262	2400	115	5.6666670000000003427	1	4	0	0	1	;
	141	287	2800	23	0.66666700000000000959	1	4	0	0	1	;
	142	19	999999	0	0	0	4	0	0	0	;
	142	137	2400	30	1	1	4	0	0	1	;
	142	139	2800	75	2.6666669999999998986	1	4	0	0	1	;
	143	65	999999	0	0	0	4	0	0	0	;
	143	66	999999	0	0	0	4	0	0	0	;
	143	144	2800	187	7.3333329999999996573	1	4	0	0	1	;
	144	66	999999	0	0	0	4	0	0	0	;
	144	157	2800	226	6	1	4	0	0	1	;
	145	66	999999	0	0	0	4	0	0	0	;
	145	156	2800	406	21.666667000000000343	1	4	0	0	1	;
	146	70	999999	0	0	0	4	0	0	0	;
	146	89	999999	0	0	0	4	0	0	0	;
	146	147	2800	182	11.666667000000000343	1	4	0	0	1	;
	146	162	2800	43	1	1	4	0	0	1	;
	147	89	999999	0	0	0	4	0	0	0	;
	147	158	2800	225	10	1	4	0	0	1	;
	148	149	2400	30	1.3333330000000001014	1	4	0	0	1	;
	148	166	2800	197	5.3333329999999996573	1	4	0	0	1	;
	148	614	2400	13	0.33333299999999999041	1	4	0	0	1	;
	149	148	2400	30	1.6666669999999998986	1	4	0	0	1	;
	149	199	2800	265	10.333332999999999657	1	4	0	0	1	;
	149	267	600	142	5.3333329999999996573	1	4	0	0	1	;
	150	29	999999	0	0	0	4	0	0	0	;
	150	30	999999	0	0	0	4	0	0	0	;
	150	164	2800	239	11	1	4	0	0	1	;
	150	952	600	210	11	1	4	0	0	1	;
	151	29	999999	0	0	0	4	0	0	0	;
	151	30	999999	0	0	0	4	0	0	0	;
	151	150	600	35	1.6666669999999998986	1	4	0	0	1	;
	151	160	2800	241	8.3333329999999996573	1	4	0	0	1	;
	152	28	999999	0	0	0	4	0	0	0	;
	152	145	2800	138	6.3333329999999996573	1	4	0	0	1	;
	153	151	2800	199	12.666667000000000343	1	4	0	0	1	;
	154	155	2400	34	0.66666700000000000959	1	4	0	0	1	;
	154	161	2800	12	1	1	4	0	0	1	;
	155	165	2800	17	0.66666700000000000959	1	4	0	0	1	;
	155	597	2400	138	7.3333329999999996573	1	4	0	0	1	;
	156	183	2800	116	3	1	4	0	0	1	;
	156	188	2800	32	1.6666669999999998986	1	4	0	0	1	;
	157	28	999999	0	0	0	4	0	0	0	;
	157	163	2800	225	6.6666670000000003427	1	4	0	0	1	;
	158	159	2800	123	3.6666669999999998986	1	4	0	0	1	;
	158	160	600	35	1	1	4	0	0	1	;
	159	30	999999	0	0	0	4	0	0	0	;
	159	150	2800	118	15.333332999999999657	1	4	0	0	1	;
	160	158	600	35	1	1	4	0	0	1	;
	160	162	2800	423	11.333332999999999657	1	4	0	0	1	;
	160	549	600	85	3	1	4	0	0	1	;
	161	197	2800	157	8.3333329999999996573	1	4	0	0	1	;
	162	70	999999	0	0	0	4	0	0	0	;
	162	89	999999	0	0	0	4	0	0	0	;
	162	181	2800	75	3.3333330000000001014	1	4	0	0	1	;
	163	28	999999	0	0	0	4	0	0	0	;
	163	149	2800	204	16.666667000000000343	1	4	0	0	1	;
	164	154	2800	18	0.33333299999999999041	1	4	0	0	1	;
	164	355	2400	215	4.6666670000000003427	1	4	0	0	1	;
	165	153	2800	37	1.3333330000000001014	1	4	0	0	1	;
	165	164	2400	34	0.66666700000000000959	1	4	0	0	1	;
	166	28	999999	0	0	0	4	0	0	0	;
	166	152	2800	316	8.3333329999999996573	1	4	0	0	1	;
	167	143	2800	216	5.6666670000000003427	1	4	0	0	1	;
	167	156	2800	34	1	1	4	0	0	1	;
	168	31	999999	0	0	0	4	0	0	0	;
	168	169	2800	39	2.6666669999999998986	1	4	0	0	1	;
	168	184	2800	35	1.6666669999999998986	1	4	0	0	1	;
	169	174	2800	223	7	1	4	0	0	1	;
	170	31	999999	0	0	0	4	0	0	0	;
	170	105	2800	401	14.333332999999999657	1	4	0	0	1	;
	170	168	2800	24	1.6666669999999998986	1	4	0	0	1	;
	171	172	900	33	1.3333330000000001014	1	4	0	0	1	;
	171	214	2800	435	18	1	4	0	0	1	;
	171	605	900	176	4.6666670000000003427	1	4	0	0	1	;
	172	171	900	33	1	1	4	0	0	1	;
	172	216	2800	196	9	1	4	0	0	1	;
	172	445	900	296	10.666667000000000343	1	4	0	0	1	;
	173	131	2800	37	1.6666669999999998986	1	4	0	0	1	;
	173	202	2800	178	4.6666670000000003427	1	4	0	0	1	;
	174	70	999999	0	0	0	4	0	0	0	;
	174	89	999999	0	0	0	4	0	0	0	;
	174	175	2800	34	0.66666700000000000959	1	4	0	0	1	;
	175	146	2800	90	5	1	4	0	0	1	;
	176	173	2800	43	5.3333329999999996573	1	4	0	0	1	;
	176	586	2400	251	6.3333329999999996573	1	4	0	0	1	;
	177	178	2800	21	0.66666700000000000959	1	4	0	0	1	;
	178	188	2800	99	8	1	4	0	0	1	;
	179	180	2800	21	0.66666700000000000959	1	4	0	0	1	;
	180	177	2800	234	5.6666670000000003427	1	4	0	0	1	;
	180	182	900	36	1	1	4	0	0	1	;
	181	174	2800	37	0.66666700000000000959	1	4	0	0	1	;
	181	184	2800	254	21.666667000000000343	1	4	0	0	1	;
	182	114	2800	122	3.3333330000000001014	1	4	0	0	1	;
	182	179	900	37	1	1	4	0	0	1	;
	182	554	900	93	2.6666669999999998986	1	4	0	0	1	;
	183	65	999999	0	0	0	4	0	0	0	;
	183	182	2800	246	9	1	4	0	0	1	;
	184	185	2800	25	1	1	4	0	0	1	;
	184	254	2800	302	8	1	4	0	0	1	;
	185	170	2800	33	1	1	4	0	0	1	;
	185	171	2800	369	18	1	4	0	0	1	;
	186	91	999999	0	0	0	4	0	0	0	;
	187	91	999999	0	0	0	4	0	0	0	;
	187	172	2800	201	10	1	4	0	0	1	;
	187	186	900	33	0.66666700000000000959	1	4	0	0	1	;
	187	507	900	567	20.666667000000000343	1	4	0	0	1	;
	188	196	2800	34	2	1	4	0	0	1	;
	188	209	2800	174	4.3333329999999996573	1	4	0	0	1	;
	189	95	999999	0	0	0	4	0	0	0	;
	189	106	2800	403	19.666667000000000343	1	4	0	0	1	;
	189	190	900	26	1.3333330000000001014	1	4	0	0	1	;
	190	189	900	26	1.6666669999999998986	1	4	0	0	1	;
	190	526	900	178	13	1	4	0	0	1	;
	190	965	2800	145	5	1	4	0	0	1	;
	191	192	2800	30	1.6666669999999998986	1	4	0	0	1	;
	191	423	2800	164	6	1	4	0	0	1	;
	192	200	2800	21	2.6666669999999998986	1	4	0	0	1	;
	192	270	2400	68	2	1	4	0	0	1	;
	193	125	2800	123	5.3333329999999996573	1	4	0	0	1	;
	194	155	2800	164	14.666667000000000343	1	4	0	0	1	;
	195	189	2800	70	4	1	4	0	0	1	;
	196	167	2800	32	1	1	4	0	0	1	;
	196	213	2800	206	5.6666670000000003427	1	4	0	0	1	;
	197	193	2800	115	3.3333330000000001014	1	4	0	0	1	;
	198	95	999999	0	0	0	4	0	0	0	;
	198	190	2800	184	9.6666670000000003427	1	4	0	0	1	;
	198	525	600	178	7.3333329999999996573	1	4	0	0	1	;
	199	27	999999	0	0	0	4	0	0	0	;
	199	131	2800	142	15.666667000000000343	1	4	0	0	1	;
	200	201	2800	29	1.3333330000000001014	1	4	0	0	1	;
	200	205	2800	162	4.3333329999999996573	1	4	0	0	1	;
	201	191	2800	21	2	1	4	0	0	1	;
	201	248	2800	191	9	1	4	0	0	1	;
	202	27	999999	0	0	0	4	0	0	0	;
	202	148	2800	231	18.333332999999999657	1	4	0	0	1	;
	203	62	999999	0	0	0	4	0	0	0	;
	203	204	600	34	1	1	4	0	0	1	;
	203	218	2800	105	4	1	4	0	0	1	;
	204	203	600	34	1	1	4	0	0	1	;
	204	211	2800	184	5	1	4	0	0	1	;
	205	62	999999	0	0	0	4	0	0	0	;
	205	203	2800	181	8.3333329999999996573	1	4	0	0	1	;
	205	211	600	32	0.66666700000000000959	1	4	0	0	1	;
	206	207	2800	148	7.6666670000000003427	1	4	0	0	1	;
	206	502	2800	222	18.666667000000000343	1	4	0	0	1	;
	207	187	2800	247	9.3333329999999996573	1	4	0	0	1	;
	207	214	900	37	1	1	4	0	0	1	;
	207	435	900	101	3.3333330000000001014	1	4	0	0	1	;
	208	54	999999	0	0	0	4	0	0	0	;
	208	84	999999	0	0	0	4	0	0	0	;
	208	212	2800	110	3	1	4	0	0	1	;
	209	210	2800	95	2.6666669999999998986	1	4	0	0	1	;
	209	217	900	37	1	1	4	0	0	1	;
	209	308	900	166	5.3333329999999996573	1	4	0	0	1	;
	210	54	999999	0	0	0	4	0	0	0	;
	210	112	2800	308	20.666667000000000343	1	4	0	0	1	;
	211	201	2800	166	15.333332999999999657	1	4	0	0	1	;
	211	205	600	32	0.66666700000000000959	1	4	0	0	1	;
	212	54	999999	0	0	0	4	0	0	0	;
	212	217	2800	190	6.6666670000000003427	1	4	0	0	1	;
	213	204	2800	103	5	1	4	0	0	1	;
	213	218	2800	33	0.66666700000000000959	1	4	0	0	1	;
	214	91	999999	0	0	0	4	0	0	0	;
	214	206	2800	156	15	1	4	0	0	1	;
	214	207	900	37	1	1	4	0	0	1	;
	215	31	999999	0	0	0	4	0	0	0	;
	215	170	2800	163	19.666667000000000343	1	4	0	0	1	;
	216	31	999999	0	0	0	4	0	0	0	;
	216	215	2800	12	0.66666700000000000959	1	4	0	0	1	;
	216	351	2400	430	9	1	4	0	0	1	;
	217	54	999999	0	0	0	4	0	0	0	;
	217	196	2800	172	15.666667000000000343	1	4	0	0	1	;
	217	209	900	37	1	1	4	0	0	1	;
	218	66	999999	0	0	0	4	0	0	0	;
	218	167	2800	201	12.333332999999999657	1	4	0	0	1	;
	218	213	2800	33	0.66666700000000000959	1	4	0	0	1	;
	219	232	2800	136	6	1	4	0	0	1	;
	220	241	2800	152	10.333332999999999657	1	4	0	0	1	;
	221	7	999999	0	0	0	4	0	0	0	;
	221	222	2800	126	9	1	4	0	0	1	;
	222	7	999999	0	0	0	4	0	0	0	;
	222	230	2400	30	1	1	4	0	0	1	;
	222	239	2800	51	1.6666669999999998986	1	4	0	0	1	;
	222	678	2400	194	9.3333329999999996573	1	4	0	0	1	;
	223	83	999999	0	0	0	4	0	0	0	;
	223	224	2800	62	6	1	4	0	0	1	;
	224	83	999999	0	0	0	4	0	0	0	;
	224	237	2800	24	0.66666700000000000959	1	4	0	0	1	;
	224	273	900	70	1.6666669999999998986	1	4	0	0	1	;
	225	226	2800	39	1.6666669999999998986	1	4	0	0	1	;
	225	335	2400	448	12	1	4	0	0	1	;
	226	219	2800	362	14	1	4	0	0	1	;
	226	236	2400	18	0.66666700000000000959	1	4	0	0	1	;
	227	224	900	23	0.66666700000000000959	1	4	0	0	1	;
	227	244	2800	55	2.6666669999999998986	1	4	0	0	1	;
	228	230	2800	92	7.6666670000000003427	1	4	0	0	1	;
	228	645	900	125	4.6666670000000003427	1	4	0	0	1	;
	229	221	2800	114	3.3333330000000001014	1	4	0	0	1	;
	230	222	2800	30	1.6666669999999998986	1	4	0	0	1	;
	230	231	2800	103	3.6666669999999998986	1	4	0	0	1	;
	230	645	900	105	3	1	4	0	0	1	;
	231	7	999999	0	0	0	4	0	0	0	;
	231	240	2800	139	3.3333330000000001014	1	4	0	0	1	;
	232	233	2800	92	3.6666669999999998986	1	4	0	0	1	;
	233	227	2800	24	0.66666700000000000959	1	4	0	0	1	;
	233	332	900	236	7.6666670000000003427	1	4	0	0	1	;
	234	229	2800	46	1	1	4	0	0	1	;
	235	225	2400	18	0.66666700000000000959	1	4	0	0	1	;
	236	235	2800	39	2.3333330000000001014	1	4	0	0	1	;
	236	418	2400	133	4	1	4	0	0	1	;
	237	83	999999	0	0	0	4	0	0	0	;
	237	220	2800	231	13.333332999999999657	1	4	0	0	1	;
	237	233	900	23	2.3333330000000001014	1	4	0	0	1	;
	238	260	2800	272	9.6666670000000003427	1	4	0	0	1	;
	239	238	2800	64	1.6666669999999998986	1	4	0	0	1	;
	240	7	999999	0	0	0	4	0	0	0	;
	240	242	2800	48	1	1	4	0	0	1	;
	241	236	2800	210	27	1	4	0	0	1	;
	242	243	2800	56	1.3333330000000001014	1	4	0	0	1	;
	242	962	2800	161	3.6666669999999998986	1	4	0	0	1	;
	243	654	600	140	4	1	4	0	0	1	;
	243	961	2800	106	2.6666669999999998986	1	4	0	0	1	;
	244	250	2800	158	6.6666670000000003427	1	4	0	0	1	;
	245	234	2800	132	2.6666669999999998986	1	4	0	0	1	;
	246	52	999999	0	0	0	4	0	0	0	;
	246	53	999999	0	0	0	4	0	0	0	;
	246	223	2800	150	17.333332999999999657	1	4	0	0	1	;
	247	52	999999	0	0	0	4	0	0	0	;
	247	53	999999	0	0	0	4	0	0	0	;
	247	246	600	73	1.6666669999999998986	1	4	0	0	1	;
	248	53	999999	0	0	0	4	0	0	0	;
	248	249	2800	136	7	1	4	0	0	1	;
	249	53	999999	0	0	0	4	0	0	0	;
	249	251	2800	39	1.6666669999999998986	1	4	0	0	1	;
	251	246	2800	61	5	1	4	0	0	1	;
	252	253	2800	87	4	1	4	0	0	1	;
	253	191	2800	194	9	1	4	0	0	1	;
	254	255	2800	589	16.666667000000000343	1	4	0	0	1	;
	255	259	2800	14	0.33333299999999999041	1	4	0	0	1	;
	255	400	900	113	5.6666670000000003427	1	4	0	0	1	;
	256	92	999999	0	0	0	4	0	0	0	;
	256	185	2800	504	17.666667000000000343	1	4	0	0	1	;
	257	11	999999	0	0	0	4	0	0	0	;
	257	228	2800	301	12	1	4	0	0	1	;
	257	260	2800	23	0.66666700000000000959	1	4	0	0	1	;
	257	887	900	90	2.6666669999999998986	1	4	0	0	1	;
	258	255	900	26	1	1	4	0	0	1	;
	258	256	2800	401	11.333332999999999657	1	4	0	0	1	;
	258	838	900	85	2.6666669999999998986	1	4	0	0	1	;
	259	258	900	25	2.3333330000000001014	1	4	0	0	1	;
	259	603	2800	276	7.3333329999999996573	1	4	0	0	1	;
	260	261	2800	16	0.66666700000000000959	1	4	0	0	1	;
	260	787	900	339	8.6666670000000003427	1	4	0	0	1	;
	261	257	2800	19	1.3333330000000001014	1	4	0	0	1	;
	261	890	2800	115	3.3333330000000001014	1	4	0	0	1	;
	262	60	999999	0	0	0	4	0	0	0	;
	262	266	2400	63	3.3333330000000001014	1	4	0	0	1	;
	263	59	999999	0	0	0	4	0	0	0	;
	263	61	999999	0	0	0	4	0	0	0	;
	263	62	999999	0	0	0	4	0	0	0	;
	263	269	2400	197	8.6666670000000003427	1	4	0	0	1	;
	264	60	999999	0	0	0	4	0	0	0	;
	264	287	2400	176	9.6666670000000003427	1	4	0	0	1	;
	265	62	999999	0	0	0	4	0	0	0	;
	265	144	900	265	7	1	4	0	0	1	;
	265	268	900	271	6.6666670000000003427	1	4	0	0	1	;
	266	60	999999	0	0	0	4	0	0	0	;
	266	267	600	293	11.666667000000000343	1	4	0	0	1	;
	266	272	2400	198	7	1	4	0	0	1	;
	267	27	999999	0	0	0	4	0	0	0	;
	267	63	999999	0	0	0	4	0	0	0	;
	267	149	600	142	12.333332999999999657	1	4	0	0	1	;
	267	266	600	293	18.333332999999999657	1	4	0	0	1	;
	268	59	999999	0	0	0	4	0	0	0	;
	268	61	999999	0	0	0	4	0	0	0	;
	268	200	2400	418	17.333332999999999657	1	4	0	0	1	;
	268	269	900	24	0.66666700000000000959	1	4	0	0	1	;
	269	61	999999	0	0	0	4	0	0	0	;
	269	268	900	24	0.66666700000000000959	1	4	0	0	1	;
	269	271	2400	643	19.666667000000000343	1	4	0	0	1	;
	270	263	2400	149	4.3333329999999996573	1	4	0	0	1	;
	271	60	999999	0	0	0	4	0	0	0	;
	271	63	999999	0	0	0	4	0	0	0	;
	271	86	999999	0	0	0	4	0	0	0	;
	271	264	2400	199	10.666667000000000343	1	4	0	0	1	;
	271	272	2400	27	1	1	4	0	0	1	;
	272	63	999999	0	0	0	4	0	0	0	;
	272	86	999999	0	0	0	4	0	0	0	;
	272	271	2400	27	0.66666700000000000959	1	4	0	0	1	;
	272	322	2400	75	2.3333330000000001014	1	4	0	0	1	;
	273	83	999999	0	0	0	4	0	0	0	;
	273	274	900	23	0.66666700000000000959	1	4	0	0	1	;
	273	286	900	482	12.333332999999999657	1	4	0	0	1	;
	274	237	900	79	4.6666670000000003427	1	4	0	0	1	;
	274	273	900	23	1.6666669999999998986	1	4	0	0	1	;
	275	57	999999	0	0	0	4	0	0	0	;
	275	197	600	212	5.6666670000000003427	1	4	0	0	1	;
	275	276	900	117	3.3333330000000001014	1	4	0	0	1	;
	275	357	900	192	4.6666670000000003427	1	4	0	0	1	;
	276	58	999999	0	0	0	4	0	0	0	;
	276	275	900	117	3	1	4	0	0	1	;
	276	352	900	514	13	1	4	0	0	1	;
	277	23	999999	0	0	0	4	0	0	0	;
	277	283	900	16	0.66666700000000000959	1	4	0	0	1	;
	277	833	2400	448	11.333332999999999657	1	4	0	0	1	;
	278	357	2400	324	6.6666670000000003427	1	4	0	0	1	;
	279	626	2400	18	0.33333299999999999041	1	4	0	0	1	;
	279	875	900	25	0.66666700000000000959	1	4	0	0	1	;
	280	281	900	20	0.33333299999999999041	1	4	0	0	1	;
	281	279	2400	205	10.333332999999999657	1	4	0	0	1	;
	281	837	900	30	0.66666700000000000959	1	4	0	0	1	;
	282	279	900	14	0.33333299999999999041	1	4	0	0	1	;
	282	280	2400	191	5.3333329999999996573	1	4	0	0	1	;
	283	354	900	385	9.6666670000000003427	1	4	0	0	1	;
	283	358	2400	27	1	1	4	0	0	1	;
	284	58	999999	0	0	0	4	0	0	0	;
	284	276	900	120	3.3333330000000001014	1	4	0	0	1	;
	285	19	999999	0	0	0	4	0	0	0	;
	285	289	2400	32	3.3333330000000001014	1	4	0	0	1	;
	285	388	2800	161	4	1	4	0	0	1	;
	286	113	900	316	23	1	4	0	0	1	;
	286	288	600	19	1	1	4	0	0	1	;
	287	290	2800	36	1.6666669999999998986	1	4	0	0	1	;
	287	675	2400	280	8.6666670000000003427	1	4	0	0	1	;
	288	274	900	479	12	1	4	0	0	1	;
	288	286	600	19	0.33333299999999999041	1	4	0	0	1	;
	288	410	600	90	3	1	4	0	0	1	;
	289	19	999999	0	0	0	4	0	0	0	;
	289	142	2800	36	2	1	4	0	0	1	;
	289	936	2400	514	14.666667000000000343	1	4	0	0	1	;
	290	134	2800	22	0.66666700000000000959	1	4	0	0	1	;
	290	908	2800	43	1	1	4	0	0	1	;
	291	48	999999	0	0	0	4	0	0	0	;
	291	375	600	262	10.666667000000000343	1	4	0	0	1	;
	292	842	2800	133	8	1	4	0	0	1	;
	293	38	999999	0	0	0	4	0	0	0	;
	293	39	999999	0	0	0	4	0	0	0	;
	293	296	900	103	4	1	4	0	0	1	;
	293	742	900	77	2	1	4	0	0	1	;
	294	740	900	189	5	1	4	0	0	1	;
	295	101	900	304	7.3333329999999996573	1	4	0	0	1	;
	296	39	999999	0	0	0	4	0	0	0	;
	296	298	900	348	14.666667000000000343	1	4	0	0	1	;
	297	329	2400	568	30.333332999999999657	1	4	0	0	1	;
	298	37	999999	0	0	0	4	0	0	0	;
	298	39	999999	0	0	0	4	0	0	0	;
	298	293	900	451	11.333332999999999657	1	4	0	0	1	;
	298	845	900	445	11	1	4	0	0	1	;
	299	302	900	178	15.333332999999999657	1	4	0	0	1	;
	300	292	2800	137	7	1	4	0	0	1	;
	301	48	999999	0	0	0	4	0	0	0	;
	301	291	600	253	7	1	4	0	0	1	;
	301	379	600	236	6	1	4	0	0	1	;
	301	788	600	85	2.6666669999999998986	1	4	0	0	1	;
	302	79	999999	0	0	0	4	0	0	0	;
	302	304	2400	90	6.6666670000000003427	1	4	0	0	1	;
	302	748	900	463	14	1	4	0	0	1	;
	302	781	2400	285	12	1	4	0	0	1	;
	302	891	2400	310	10	1	4	0	0	1	;
	303	299	900	457	14.666667000000000343	1	4	0	0	1	;
	303	305	900	34	1.3333330000000001014	1	4	0	0	1	;
	303	740	900	66	3	1	4	0	0	1	;
	304	297	2400	277	18.333332999999999657	1	4	0	0	1	;
	304	302	2400	90	11.333332999999999657	1	4	0	0	1	;
	304	752	900	188	6.6666670000000003427	1	4	0	0	1	;
	305	303	900	34	1	1	4	0	0	1	;
	305	721	900	43	1.3333330000000001014	1	4	0	0	1	;
	306	84	999999	0	0	0	4	0	0	0	;
	306	307	900	26	0.66666700000000000959	1	4	0	0	1	;
	307	84	999999	0	0	0	4	0	0	0	;
	307	308	900	194	5	1	4	0	0	1	;
	308	84	999999	0	0	0	4	0	0	0	;
	308	209	900	166	4	1	4	0	0	1	;
	308	921	900	397	10	1	4	0	0	1	;
	309	86	999999	0	0	0	4	0	0	0	;
	309	268	2400	227	18	1	4	0	0	1	;
	310	94	999999	0	0	0	4	0	0	0	;
	310	311	2800	78	3	1	4	0	0	1	;
	311	94	999999	0	0	0	4	0	0	0	;
	311	312	2800	159	20.666667000000000343	1	4	0	0	1	;
	312	313	2800	38	1.3333330000000001014	1	4	0	0	1	;
	312	454	2800	62	3	1	4	0	0	1	;
	312	764	900	165	5.3333329999999996573	1	4	0	0	1	;
	313	312	2800	38	2	1	4	0	0	1	;
	313	314	2800	55	1.6666669999999998986	1	4	0	0	1	;
	313	414	2800	122	7	1	4	0	0	1	;
	313	467	900	54	1.6666669999999998986	1	4	0	0	1	;
	314	365	2800	683	24	1	4	0	0	1	;
	315	330	2400	65	1.3333330000000001014	1	4	0	0	1	;
	315	375	2400	96	12.333332999999999657	1	4	0	0	1	;
	315	883	600	198	15.333332999999999657	1	4	0	0	1	;
	316	317	2400	132	9.6666670000000003427	1	4	0	0	1	;
	317	319	2400	197	15.333332999999999657	1	4	0	0	1	;
	317	324	2400	31	1.3333330000000001014	1	4	0	0	1	;
	317	749	2400	301	6.3333329999999996573	1	4	0	0	1	;
	318	319	600	31	1.3333330000000001014	1	4	0	0	1	;
	318	324	2400	198	10.666667000000000343	1	4	0	0	1	;
	318	883	600	137	15.333332999999999657	1	4	0	0	1	;
	319	318	600	31	1.3333330000000001014	1	4	0	0	1	;
	319	383	600	174	6.6666670000000003427	1	4	0	0	1	;
	319	934	2400	216	6.6666670000000003427	1	4	0	0	1	;
	320	317	2400	100	4.3333329999999996573	1	4	0	0	1	;
	321	81	999999	0	0	0	4	0	0	0	;
	321	379	2400	86	2.6666669999999998986	1	4	0	0	1	;
	322	63	999999	0	0	0	4	0	0	0	;
	322	86	999999	0	0	0	4	0	0	0	;
	322	309	2400	343	12.333332999999999657	1	4	0	0	1	;
	323	81	999999	0	0	0	4	0	0	0	;
	323	327	2400	165	10.333332999999999657	1	4	0	0	1	;
	324	315	2400	137	8.6666670000000003427	1	4	0	0	1	;
	324	317	2400	31	0.66666700000000000959	1	4	0	0	1	;
	324	325	2400	128	4.6666670000000003427	1	4	0	0	1	;
	325	328	2400	132	8.3333329999999996573	1	4	0	0	1	;
	326	318	2400	131	13.333332999999999657	1	4	0	0	1	;
	327	316	2400	128	4	1	4	0	0	1	;
	327	328	900	38	1.6666669999999998986	1	4	0	0	1	;
	327	373	900	192	9.6666670000000003427	1	4	0	0	1	;
	328	321	2400	165	5	1	4	0	0	1	;
	328	327	900	38	2	1	4	0	0	1	;
	329	320	2400	75	4	1	4	0	0	1	;
	330	324	2400	72	1.6666669999999998986	1	4	0	0	1	;
	331	226	2400	84	16	1	4	0	0	1	;
	332	333	900	195	8.3333329999999996573	1	4	0	0	1	;
	333	20	999999	0	0	0	4	0	0	0	;
	333	334	900	146	11.333332999999999657	1	4	0	0	1	;
	334	20	999999	0	0	0	4	0	0	0	;
	334	363	900	22	1.6666669999999998986	1	4	0	0	1	;
	334	404	900	303	9.6666670000000003427	1	4	0	0	1	;
	334	870	900	260	10	1	4	0	0	1	;
	335	336	900	39	1	1	4	0	0	1	;
	336	331	2400	348	33.33333300000000321	1	4	0	0	1	;
	336	334	900	474	19	1	4	0	0	1	;
	336	335	900	39	2	1	4	0	0	1	;
	337	74	999999	0	0	0	4	0	0	0	;
	337	338	900	11	0.33333299999999999041	1	4	0	0	1	;
	337	346	2400	223	6	1	4	0	0	1	;
	337	956	900	112	2.6666669999999998986	1	4	0	0	1	;
	338	337	900	11	0.33333299999999999041	1	4	0	0	1	;
	338	341	2400	107	3.3333330000000001014	1	4	0	0	1	;
	338	490	900	135	3.3333330000000001014	1	4	0	0	1	;
	339	32	999999	0	0	0	4	0	0	0	;
	339	340	2400	260	5.3333329999999996573	1	4	0	0	1	;
	339	344	900	18	0.33333299999999999041	1	4	0	0	1	;
	340	32	999999	0	0	0	4	0	0	0	;
	340	105	600	287	7.3333329999999996573	1	4	0	0	1	;
	340	215	2400	323	7	1	4	0	0	1	;
	341	74	999999	0	0	0	4	0	0	0	;
	341	349	2400	166	5	1	4	0	0	1	;
	342	33	999999	0	0	0	4	0	0	0	;
	342	338	2400	186	8.6666670000000003427	1	4	0	0	1	;
	343	71	999999	0	0	0	4	0	0	0	;
	343	339	2400	128	2.6666669999999998986	1	4	0	0	1	;
	344	32	999999	0	0	0	4	0	0	0	;
	344	339	900	18	0.33333299999999999041	1	4	0	0	1	;
	344	345	2400	128	2.6666669999999998986	1	4	0	0	1	;
	344	503	900	107	2.6666669999999998986	1	4	0	0	1	;
	345	71	999999	0	0	0	4	0	0	0	;
	345	348	2400	89	2	1	4	0	0	1	;
	346	33	999999	0	0	0	4	0	0	0	;
	346	347	2400	16	0.33333299999999999041	1	4	0	0	1	;
	347	33	999999	0	0	0	4	0	0	0	;
	347	475	2400	142	9	1	4	0	0	1	;
	348	71	999999	0	0	0	4	0	0	0	;
	348	337	2400	291	12.666667000000000343	1	4	0	0	1	;
	348	349	900	19	0.33333299999999999041	1	4	0	0	1	;
	348	503	900	185	4.6666670000000003427	1	4	0	0	1	;
	349	71	999999	0	0	0	4	0	0	0	;
	349	348	900	19	0.33333299999999999041	1	4	0	0	1	;
	349	350	2400	24	0.66666700000000000959	1	4	0	0	1	;
	350	343	2400	90	2.3333330000000001014	1	4	0	0	1	;
	351	32	999999	0	0	0	4	0	0	0	;
	351	344	2400	152	3.3333330000000001014	1	4	0	0	1	;
	352	21	999999	0	0	0	4	0	0	0	;
	352	284	900	394	15	1	4	0	0	1	;
	352	359	900	18	0.33333299999999999041	1	4	0	0	1	;
	352	963	2400	384	10.333332999999999657	1	4	0	0	1	;
	353	57	999999	0	0	0	4	0	0	0	;
	353	970	2400	11	0.33333299999999999041	1	4	0	0	1	;
	354	85	999999	0	0	0	4	0	0	0	;
	354	109	900	441	11	1	4	0	0	1	;
	355	57	999999	0	0	0	4	0	0	0	;
	355	353	2400	104	2.6666669999999998986	1	4	0	0	1	;
	355	357	900	16	0.33333299999999999041	1	4	0	0	1	;
	355	952	900	247	6.3333329999999996573	1	4	0	0	1	;
	356	358	900	158	11.666667000000000343	1	4	0	0	1	;
	357	57	999999	0	0	0	4	0	0	0	;
	357	154	2400	218	4.6666670000000003427	1	4	0	0	1	;
	357	275	900	192	6	1	4	0	0	1	;
	357	355	900	16	0.33333299999999999041	1	4	0	0	1	;
	358	359	2400	535	25.333332999999999657	1	4	0	0	1	;
	358	361	900	16	0.33333299999999999041	1	4	0	0	1	;
	359	21	999999	0	0	0	4	0	0	0	;
	359	352	900	18	0.33333299999999999041	1	4	0	0	1	;
	359	918	2400	51	1.6666669999999998986	1	4	0	0	1	;
	360	85	999999	0	0	0	4	0	0	0	;
	360	356	900	512	12.333332999999999657	1	4	0	0	1	;
	361	277	2400	22	0.66666700000000000959	1	4	0	0	1	;
	361	876	900	430	11.333332999999999657	1	4	0	0	1	;
	362	227	900	242	26.666667000000000343	1	4	0	0	1	;
	363	20	999999	0	0	0	4	0	0	0	;
	363	334	900	22	1	1	4	0	0	1	;
	363	364	900	110	2.6666669999999998986	1	4	0	0	1	;
	363	366	900	146	5	1	4	0	0	1	;
	364	363	900	110	7.6666670000000003427	1	4	0	0	1	;
	364	372	900	175	4.3333329999999996573	1	4	0	0	1	;
	365	16	999999	0	0	0	4	0	0	0	;
	365	367	900	35	2	1	4	0	0	1	;
	365	805	2800	321	17.333332999999999657	1	4	0	0	1	;
	365	872	900	199	9.6666670000000003427	1	4	0	0	1	;
	366	20	999999	0	0	0	4	0	0	0	;
	366	362	900	196	9.3333329999999996573	1	4	0	0	1	;
	367	310	2800	503	15.333332999999999657	1	4	0	0	1	;
	367	365	900	35	1.6666669999999998986	1	4	0	0	1	;
	367	769	600	526	21.666667000000000343	1	4	0	0	1	;
	368	52	999999	0	0	0	4	0	0	0	;
	368	369	900	228	9.3333329999999996573	1	4	0	0	1	;
	369	17	999999	0	0	0	4	0	0	0	;
	369	52	999999	0	0	0	4	0	0	0	;
	369	368	900	228	8.6666670000000003427	1	4	0	0	1	;
	369	372	900	140	9.6666670000000003427	1	4	0	0	1	;
	369	470	600	328	8.3333329999999996573	1	4	0	0	1	;
	370	371	2800	84	2.6666669999999998986	1	4	0	0	1	;
	371	367	2800	113	9.3333329999999996573	1	4	0	0	1	;
	372	364	900	175	9.3333329999999996573	1	4	0	0	1	;
	372	365	900	340	19.666667000000000343	1	4	0	0	1	;
	372	369	900	140	5.3333329999999996573	1	4	0	0	1	;
	372	471	900	329	8.3333329999999996573	1	4	0	0	1	;
	373	81	999999	0	0	0	4	0	0	0	;
	373	747	900	342	17.333332999999999657	1	4	0	0	1	;
	374	375	2400	102	2	1	4	0	0	1	;
	375	315	2400	96	2	1	4	0	0	1	;
	375	381	600	130	4.3333329999999996573	1	4	0	0	1	;
	375	848	2400	392	19	1	4	0	0	1	;
	375	882	600	201	9	1	4	0	0	1	;
	376	378	600	213	15	1	4	0	0	1	;
	376	960	600	122	3	1	4	0	0	1	;
	377	81	999999	0	0	0	4	0	0	0	;
	377	327	900	297	19	1	4	0	0	1	;
	378	376	600	213	5.3333329999999996573	1	4	0	0	1	;
	378	439	900	38	1.6666669999999998986	1	4	0	0	1	;
	378	541	900	78	2.3333330000000001014	1	4	0	0	1	;
	379	789	2400	196	9	1	4	0	0	1	;
	380	301	600	202	5	1	4	0	0	1	;
	381	301	600	385	11	1	4	0	0	1	;
	382	319	600	100	2.3333330000000001014	1	4	0	0	1	;
	383	382	600	74	2	1	4	0	0	1	;
	383	935	600	124	3.6666669999999998986	1	4	0	0	1	;
	384	323	2400	83	2	1	4	0	0	1	;
	385	453	2400	302	11.666667000000000343	1	4	0	0	1	;
	386	285	2400	219	13.333332999999999657	1	4	0	0	1	;
	387	386	2400	80	2.3333330000000001014	1	4	0	0	1	;
	388	390	2800	150	7	1	4	0	0	1	;
	389	396	900	141	4.6666670000000003427	1	4	0	0	1	;
	390	389	900	541	16.666667000000000343	1	4	0	0	1	;
	390	451	2800	25	1.3333330000000001014	1	4	0	0	1	;
	391	392	2400	80	2	1	4	0	0	1	;
	392	868	2400	82	2	1	4	0	0	1	;
	393	395	2400	79	7	1	4	0	0	1	;
	394	18	999999	0	0	0	4	0	0	0	;
	394	453	900	136	3.3333330000000001014	1	4	0	0	1	;
	395	391	2400	80	2	1	4	0	0	1	;
	396	394	900	175	4.3333329999999996573	1	4	0	0	1	;
	396	397	900	23	2	1	4	0	0	1	;
	397	396	900	23	0.66666700000000000959	1	4	0	0	1	;
	397	450	900	452	18.333332999999999657	1	4	0	0	1	;
	398	499	2800	213	5.3333329999999996573	1	4	0	0	1	;
	398	500	900	252	12.666667000000000343	1	4	0	0	1	;
	398	629	2800	456	13	1	4	0	0	1	;
	399	398	2800	161	4	1	4	0	0	1	;
	400	88	999999	0	0	0	4	0	0	0	;
	400	401	900	20	0.33333299999999999041	1	4	0	0	1	;
	400	403	900	49	1.6666669999999998986	1	4	0	0	1	;
	400	938	900	399	14.333332999999999657	1	4	0	0	1	;
	401	88	999999	0	0	0	4	0	0	0	;
	401	400	900	20	1	1	4	0	0	1	;
	401	402	900	86	6.3333329999999996573	1	4	0	0	1	;
	402	259	900	29	0.66666700000000000959	1	4	0	0	1	;
	403	547	600	519	23.666667000000000343	1	4	0	0	1	;
	404	336	900	171	7.3333329999999996573	1	4	0	0	1	;
	405	121	900	252	6.3333329999999996573	1	4	0	0	1	;
	406	409	900	47	1.6666669999999998986	1	4	0	0	1	;
	406	448	2400	216	5.3333329999999996573	1	4	0	0	1	;
	406	449	900	135	4.3333329999999996573	1	4	0	0	1	;
	407	409	900	61	2.6666669999999998986	1	4	0	0	1	;
	408	409	2400	215	8.6666670000000003427	1	4	0	0	1	;
	409	406	900	47	1.6666669999999998986	1	4	0	0	1	;
	409	426	2400	221	5.6666670000000003427	1	4	0	0	1	;
	409	452	900	99	2.6666669999999998986	1	4	0	0	1	;
	410	406	600	486	24.333332999999999657	1	4	0	0	1	;
	411	288	600	265	6.6666670000000003427	1	4	0	0	1	;
	412	414	2800	43	3	1	4	0	0	1	;
	412	472	600	47	2.6666669999999998986	1	4	0	0	1	;
	413	235	2400	147	33	1	4	0	0	1	;
	413	418	2400	37	1	1	4	0	0	1	;
	414	313	2800	122	19.333332999999999657	1	4	0	0	1	;
	414	415	2800	44	1	1	4	0	0	1	;
	415	416	2800	102	2.6666669999999998986	1	4	0	0	1	;
	416	422	2800	367	10	1	4	0	0	1	;
	417	413	2400	37	3.3333330000000001014	1	4	0	0	1	;
	418	413	2400	37	1	1	4	0	0	1	;
	418	427	2400	37	1	1	4	0	0	1	;
	419	55	999999	0	0	0	4	0	0	0	;
	419	420	2400	32	0.66666700000000000959	1	4	0	0	1	;
	420	55	999999	0	0	0	4	0	0	0	;
	420	425	2400	179	4.3333329999999996573	1	4	0	0	1	;
	421	192	2800	83	7	1	4	0	0	1	;
	422	421	2800	86	3.3333330000000001014	1	4	0	0	1	;
	422	423	900	27	0.66666700000000000959	1	4	0	0	1	;
	423	422	900	27	2.6666669999999998986	1	4	0	0	1	;
	423	474	2800	216	6.6666670000000003427	1	4	0	0	1	;
	424	55	999999	0	0	0	4	0	0	0	;
	424	417	2400	112	6.3333329999999996573	1	4	0	0	1	;
	425	55	999999	0	0	0	4	0	0	0	;
	425	406	2400	220	5.6666670000000003427	1	4	0	0	1	;
	426	424	2400	210	12.333332999999999657	1	4	0	0	1	;
	427	419	2400	113	2.6666669999999998986	1	4	0	0	1	;
	428	129	2800	19	0.66666700000000000959	1	4	0	0	1	;
	428	544	2400	189	4.3333329999999996573	1	4	0	0	1	;
	429	118	2800	232	5.6666670000000003427	1	4	0	0	1	;
	429	428	2400	35	1.3333330000000001014	1	4	0	0	1	;
	430	440	900	106	3.6666669999999998986	1	4	0	0	1	;
	431	430	900	150	5.3333329999999996573	1	4	0	0	1	;
	431	441	900	51	1.3333330000000001014	1	4	0	0	1	;
	431	466	900	274	16	1	4	0	0	1	;
	431	968	900	291	8.6666670000000003427	1	4	0	0	1	;
	432	12	999999	0	0	0	4	0	0	0	;
	432	433	900	178	4.3333329999999996573	1	4	0	0	1	;
	433	104	600	44	1	1	4	0	0	1	;
	433	436	900	202	8.3333329999999996573	1	4	0	0	1	;
	433	458	900	128	4	1	4	0	0	1	;
	434	73	999999	0	0	0	4	0	0	0	;
	434	207	900	286	7	1	4	0	0	1	;
	435	505	900	465	11.666667000000000343	1	4	0	0	1	;
	436	12	999999	0	0	0	4	0	0	0	;
	436	442	900	53	2.3333330000000001014	1	4	0	0	1	;
	436	443	900	51	1.3333330000000001014	1	4	0	0	1	;
	437	103	600	40	1.3333330000000001014	1	4	0	0	1	;
	437	433	600	191	6.6666670000000003427	1	4	0	0	1	;
	437	438	600	172	6.6666670000000003427	1	4	0	0	1	;
	438	440	600	235	13.666667000000000343	1	4	0	0	1	;
	439	378	900	38	2.3333330000000001014	1	4	0	0	1	;
	439	437	600	477	17	1	4	0	0	1	;
	439	440	900	256	6.6666670000000003427	1	4	0	0	1	;
	440	431	900	256	11.666667000000000343	1	4	0	0	1	;
	440	437	600	407	19	1	4	0	0	1	;
	440	439	900	256	11.333332999999999657	1	4	0	0	1	;
	441	442	900	156	6.6666670000000003427	1	4	0	0	1	;
	442	12	999999	0	0	0	4	0	0	0	;
	442	431	900	207	15.666667000000000343	1	4	0	0	1	;
	442	459	900	61	1.6666669999999998986	1	4	0	0	1	;
	443	12	999999	0	0	0	4	0	0	0	;
	443	459	900	22	0.66666700000000000959	1	4	0	0	1	;
	444	73	999999	0	0	0	4	0	0	0	;
	444	187	900	227	5.6666670000000003427	1	4	0	0	1	;
	445	172	900	296	7.3333329999999996573	1	4	0	0	1	;
	445	509	900	182	7	1	4	0	0	1	;
	446	447	900	147	4.3333329999999996573	1	4	0	0	1	;
	446	462	2400	371	27.333332999999999657	1	4	0	0	1	;
	446	695	900	195	7	1	4	0	0	1	;
	446	889	2400	374	10.666667000000000343	1	4	0	0	1	;
	447	465	900	43	1.3333330000000001014	1	4	0	0	1	;
	448	56	999999	0	0	0	4	0	0	0	;
	448	117	2400	185	4.6666670000000003427	1	4	0	0	1	;
	449	411	900	176	4.3333329999999996573	1	4	0	0	1	;
	450	451	900	222	15.666667000000000343	1	4	0	0	1	;
	451	370	2800	123	6	1	4	0	0	1	;
	451	805	900	34	1.6666669999999998986	1	4	0	0	1	;
	453	18	999999	0	0	0	4	0	0	0	;
	453	387	2400	490	16	1	4	0	0	1	;
	453	396	900	311	17	1	4	0	0	1	;
	453	869	900	38	1	1	4	0	0	1	;
	454	26	999999	0	0	0	4	0	0	0	;
	454	818	900	44	2	1	4	0	0	1	;
	454	823	2800	39	1.6666669999999998986	1	4	0	0	1	;
	455	24	999999	0	0	0	4	0	0	0	;
	455	734	2400	260	8.6666670000000003427	1	4	0	0	1	;
	456	59	999999	0	0	0	4	0	0	0	;
	456	415	600	255	12	1	4	0	0	1	;
	457	458	900	87	5.3333329999999996573	1	4	0	0	1	;
	458	433	900	128	6.3333329999999996573	1	4	0	0	1	;
	458	446	900	299	21.333332999999999657	1	4	0	0	1	;
	459	460	900	24	2	1	4	0	0	1	;
	460	457	900	93	3.3333330000000001014	1	4	0	0	1	;
	461	14	999999	0	0	0	4	0	0	0	;
	461	462	2400	165	11	1	4	0	0	1	;
	462	14	999999	0	0	0	4	0	0	0	;
	462	431	900	348	14	1	4	0	0	1	;
	462	446	2400	371	12.666667000000000343	1	4	0	0	1	;
	462	463	600	100	3	1	4	0	0	1	;
	462	580	2400	417	15.666667000000000343	1	4	0	0	1	;
	463	14	999999	0	0	0	4	0	0	0	;
	463	462	600	100	2.3333330000000001014	1	4	0	0	1	;
	463	688	600	136	4.6666670000000003427	1	4	0	0	1	;
	464	134	2800	54	8	1	4	0	0	1	;
	464	907	2400	22	1	1	4	0	0	1	;
	465	458	900	109	3.3333330000000001014	1	4	0	0	1	;
	466	14	999999	0	0	0	4	0	0	0	;
	466	462	900	74	5.6666670000000003427	1	4	0	0	1	;
	467	314	900	20	0.66666700000000000959	1	4	0	0	1	;
	467	473	900	463	16	1	4	0	0	1	;
	468	467	900	260	6.3333329999999996573	1	4	0	0	1	;
	469	414	600	268	6.6666670000000003427	1	4	0	0	1	;
	469	470	600	86	2	1	4	0	0	1	;
	470	17	999999	0	0	0	4	0	0	0	;
	470	369	600	328	8.3333329999999996573	1	4	0	0	1	;
	470	469	600	86	2	1	4	0	0	1	;
	471	17	999999	0	0	0	4	0	0	0	;
	471	468	900	84	2.3333330000000001014	1	4	0	0	1	;
	472	469	600	225	9.3333329999999996573	1	4	0	0	1	;
	473	17	999999	0	0	0	4	0	0	0	;
	473	372	900	210	14.333332999999999657	1	4	0	0	1	;
	474	412	2800	261	10.333332999999999657	1	4	0	0	1	;
	475	33	999999	0	0	0	4	0	0	0	;
	475	476	900	16	0.33333299999999999041	1	4	0	0	1	;
	476	342	2400	194	5.6666670000000003427	1	4	0	0	1	;
	476	475	900	16	0.33333299999999999041	1	4	0	0	1	;
	476	513	900	202	5	1	4	0	0	1	;
	477	487	600	88	2.3333330000000001014	1	4	0	0	1	;
	478	36	999999	0	0	0	4	0	0	0	;
	478	77	999999	0	0	0	4	0	0	0	;
	478	479	900	217	5.3333329999999996573	1	4	0	0	1	;
	478	489	900	90	2.3333330000000001014	1	4	0	0	1	;
	478	493	900	150	6.3333329999999996573	1	4	0	0	1	;
	479	77	999999	0	0	0	4	0	0	0	;
	479	478	900	217	6.3333329999999996573	1	4	0	0	1	;
	479	485	900	168	4.3333329999999996573	1	4	0	0	1	;
	479	486	600	264	6.6666670000000003427	1	4	0	0	1	;
	480	490	900	173	5.3333329999999996573	1	4	0	0	1	;
	480	525	900	181	4.6666670000000003427	1	4	0	0	1	;
	481	491	600	292	13	1	4	0	0	1	;
	482	77	999999	0	0	0	4	0	0	0	;
	482	478	900	29	0.66666700000000000959	1	4	0	0	1	;
	483	77	999999	0	0	0	4	0	0	0	;
	483	496	900	96	2.3333330000000001014	1	4	0	0	1	;
	484	486	600	218	5.3333329999999996573	1	4	0	0	1	;
	485	479	900	168	5.6666670000000003427	1	4	0	0	1	;
	485	486	600	159	6.6666670000000003427	1	4	0	0	1	;
	485	498	900	133	3.6666669999999998986	1	4	0	0	1	;
	486	479	600	264	6.6666670000000003427	1	4	0	0	1	;
	486	481	600	55	2.3333330000000001014	1	4	0	0	1	;
	486	485	600	159	8	1	4	0	0	1	;
	487	343	600	162	4.3333329999999996573	1	4	0	0	1	;
	488	485	900	291	11	1	4	0	0	1	;
	488	494	600	115	5.3333329999999996573	1	4	0	0	1	;
	488	497	2800	375	13	1	4	0	0	1	;
	489	478	900	90	5	1	4	0	0	1	;
	489	497	900	153	3.6666669999999998986	1	4	0	0	1	;
	490	338	900	135	13.333332999999999657	1	4	0	0	1	;
	490	477	600	101	2.6666669999999998986	1	4	0	0	1	;
	490	480	900	173	4.3333329999999996573	1	4	0	0	1	;
	491	484	600	129	4	1	4	0	0	1	;
	491	494	600	675	17	1	4	0	0	1	;
	491	510	600	97	2.3333330000000001014	1	4	0	0	1	;
	492	36	999999	0	0	0	4	0	0	0	;
	492	482	900	68	2	1	4	0	0	1	;
	493	36	999999	0	0	0	4	0	0	0	;
	493	500	900	167	15.333332999999999657	1	4	0	0	1	;
	494	488	600	115	3	1	4	0	0	1	;
	494	491	600	675	33.66666699999999679	1	4	0	0	1	;
	495	282	2400	18	0.33333299999999999041	1	4	0	0	1	;
	496	36	999999	0	0	0	4	0	0	0	;
	496	489	900	141	3.6666669999999998986	1	4	0	0	1	;
	496	493	900	38	1.3333330000000001014	1	4	0	0	1	;
	497	488	2800	375	19.666667000000000343	1	4	0	0	1	;
	497	489	900	153	5	1	4	0	0	1	;
	497	499	2800	123	3	1	4	0	0	1	;
	498	488	900	158	21	1	4	0	0	1	;
	499	398	2800	213	5	1	4	0	0	1	;
	499	496	600	200	5	1	4	0	0	1	;
	499	497	2800	123	4.6666670000000003427	1	4	0	0	1	;
	500	398	900	252	6.3333329999999996573	1	4	0	0	1	;
	500	496	900	205	5	1	4	0	0	1	;
	500	501	600	60	2.3333330000000001014	1	4	0	0	1	;
	501	500	600	60	1.6666669999999998986	1	4	0	0	1	;
	501	505	600	417	10.333332999999999657	1	4	0	0	1	;
	502	630	2800	340	16.333332999999999657	1	4	0	0	1	;
	503	348	900	185	7.6666670000000003427	1	4	0	0	1	;
	503	445	900	275	7	1	4	0	0	1	;
	503	504	900	100	2.3333330000000001014	1	4	0	0	1	;
	504	503	900	100	2.3333330000000001014	1	4	0	0	1	;
	504	507	900	142	3.6666669999999998986	1	4	0	0	1	;
	505	434	900	280	7	1	4	0	0	1	;
	505	506	900	171	4.3333329999999996573	1	4	0	0	1	;
	505	964	600	176	4.3333329999999996573	1	4	0	0	1	;
	506	73	999999	0	0	0	4	0	0	0	;
	506	505	900	171	4.3333329999999996573	1	4	0	0	1	;
	506	507	900	110	2.6666669999999998986	1	4	0	0	1	;
	507	73	999999	0	0	0	4	0	0	0	;
	507	444	900	340	8.3333329999999996573	1	4	0	0	1	;
	507	504	900	142	3.6666669999999998986	1	4	0	0	1	;
	507	506	900	110	2.6666669999999998986	1	4	0	0	1	;
	507	956	900	391	9.6666670000000003427	1	4	0	0	1	;
	508	74	999999	0	0	0	4	0	0	0	;
	508	507	900	100	2.3333330000000001014	1	4	0	0	1	;
	509	503	900	93	3	1	4	0	0	1	;
	511	512	600	92	2.3333330000000001014	1	4	0	0	1	;
	512	476	900	293	19.666667000000000343	1	4	0	0	1	;
	512	515	900	104	3	1	4	0	0	1	;
	513	512	900	91	2.3333330000000001014	1	4	0	0	1	;
	514	72	999999	0	0	0	4	0	0	0	;
	514	512	900	311	8.6666670000000003427	1	4	0	0	1	;
	514	524	900	113	2.6666669999999998986	1	4	0	0	1	;
	515	514	900	207	5.3333329999999996573	1	4	0	0	1	;
	516	95	999999	0	0	0	4	0	0	0	;
	516	517	900	480	19.333332999999999657	1	4	0	0	1	;
	517	90	999999	0	0	0	4	0	0	0	;
	517	98	999999	0	0	0	4	0	0	0	;
	517	519	900	127	4	1	4	0	0	1	;
	517	521	900	527	20.666667000000000343	1	4	0	0	1	;
	517	623	900	299	8.6666670000000003427	1	4	0	0	1	;
	518	98	999999	0	0	0	4	0	0	0	;
	518	517	900	234	6	1	4	0	0	1	;
	519	90	999999	0	0	0	4	0	0	0	;
	519	520	900	80	2.3333330000000001014	1	4	0	0	1	;
	520	90	999999	0	0	0	4	0	0	0	;
	520	522	900	109	8.3333329999999996573	1	4	0	0	1	;
	521	70	999999	0	0	0	4	0	0	0	;
	521	955	900	15	0.33333299999999999041	1	4	0	0	1	;
	522	108	900	212	26.666667000000000343	1	4	0	0	1	;
	522	517	900	316	13	1	4	0	0	1	;
	523	72	999999	0	0	0	4	0	0	0	;
	523	480	900	73	2	1	4	0	0	1	;
	524	514	900	113	3	1	4	0	0	1	;
	524	526	900	180	6.6666670000000003427	1	4	0	0	1	;
	525	72	999999	0	0	0	4	0	0	0	;
	525	198	600	178	4.3333329999999996573	1	4	0	0	1	;
	525	523	900	108	3.3333330000000001014	1	4	0	0	1	;
	525	527	900	78	3	1	4	0	0	1	;
	526	72	999999	0	0	0	4	0	0	0	;
	526	190	900	178	4.3333329999999996573	1	4	0	0	1	;
	526	524	900	180	4.6666670000000003427	1	4	0	0	1	;
	526	527	900	115	4	1	4	0	0	1	;
	527	525	900	78	2.6666669999999998986	1	4	0	0	1	;
	527	526	900	115	3	1	4	0	0	1	;
	528	51	999999	0	0	0	4	0	0	0	;
	528	529	2800	43	1	1	4	0	0	1	;
	528	530	2800	27	0.66666700000000000959	1	4	0	0	1	;
	529	51	999999	0	0	0	4	0	0	0	;
	529	941	2800	10	0.33333299999999999041	1	4	0	0	1	;
	530	51	999999	0	0	0	4	0	0	0	;
	530	528	2800	27	0.66666700000000000959	1	4	0	0	1	;
	530	531	2800	47	1.6666669999999998986	1	4	0	0	1	;
	531	533	2800	45	1.6666669999999998986	1	4	0	0	1	;
	532	535	900	280	15	1	4	0	0	1	;
	533	76	999999	0	0	0	4	0	0	0	;
	533	534	900	60	1.3333330000000001014	1	4	0	0	1	;
	533	535	2800	43	1	1	4	0	0	1	;
	534	575	900	515	22.333332999999999657	1	4	0	0	1	;
	535	542	2800	44	1	1	4	0	0	1	;
	536	439	900	75	9	1	4	0	0	1	;
	536	537	900	102	2.6666669999999998986	1	4	0	0	1	;
	536	541	900	31	0.66666700000000000959	1	4	0	0	1	;
	537	536	900	102	3	1	4	0	0	1	;
	537	541	900	87	2.3333330000000001014	1	4	0	0	1	;
	537	559	900	193	14	1	4	0	0	1	;
	538	539	2800	50	1.3333330000000001014	1	4	0	0	1	;
	539	540	2800	35	1	1	4	0	0	1	;
	539	609	900	61	1.6666669999999998986	1	4	0	0	1	;
	540	543	2800	39	1	1	4	0	0	1	;
	541	536	900	31	0.66666700000000000959	1	4	0	0	1	;
	541	537	900	87	2.3333330000000001014	1	4	0	0	1	;
	542	76	999999	0	0	0	4	0	0	0	;
	542	538	2800	31	1	1	4	0	0	1	;
	542	602	2800	257	7.3333329999999996573	1	4	0	0	1	;
	543	528	2800	44	0.66666700000000000959	1	4	0	0	1	;
	543	531	2800	28	0.66666700000000000959	1	4	0	0	1	;
	544	64	999999	0	0	0	4	0	0	0	;
	544	643	2400	95	2.3333330000000001014	1	4	0	0	1	;
	545	29	999999	0	0	0	4	0	0	0	;
	545	88	999999	0	0	0	4	0	0	0	;
	545	547	900	238	6	1	4	0	0	1	;
	545	548	600	188	8.3333329999999996573	1	4	0	0	1	;
	545	591	900	113	3.3333330000000001014	1	4	0	0	1	;
	546	145	600	167	4.6666670000000003427	1	4	0	0	1	;
	547	88	999999	0	0	0	4	0	0	0	;
	547	545	900	238	16.666667000000000343	1	4	0	0	1	;
	547	555	600	101	3.3333330000000001014	1	4	0	0	1	;
	548	29	999999	0	0	0	4	0	0	0	;
	548	151	600	80	10	1	4	0	0	1	;
	549	547	600	178	9	1	4	0	0	1	;
	550	64	999999	0	0	0	4	0	0	0	;
	550	65	999999	0	0	0	4	0	0	0	;
	550	182	900	195	20.666667000000000343	1	4	0	0	1	;
	551	67	999999	0	0	0	4	0	0	0	;
	551	552	2800	70	5.6666670000000003427	1	4	0	0	1	;
	552	582	2400	276	6.3333329999999996573	1	4	0	0	1	;
	552	944	2800	28	2	1	4	0	0	1	;
	553	64	999999	0	0	0	4	0	0	0	;
	553	550	900	105	3.6666669999999998986	1	4	0	0	1	;
	554	65	999999	0	0	0	4	0	0	0	;
	554	612	900	438	16.666667000000000343	1	4	0	0	1	;
	555	160	600	162	13.333332999999999657	1	4	0	0	1	;
	556	552	2400	22	0.66666700000000000959	1	4	0	0	1	;
	556	617	900	186	5.3333329999999996573	1	4	0	0	1	;
	557	75	999999	0	0	0	4	0	0	0	;
	557	571	2400	208	5.3333329999999996573	1	4	0	0	1	;
	558	75	999999	0	0	0	4	0	0	0	;
	558	559	2400	268	9.3333329999999996573	1	4	0	0	1	;
	559	537	900	193	5.3333329999999996573	1	4	0	0	1	;
	559	560	900	31	1.3333330000000001014	1	4	0	0	1	;
	559	636	2400	363	15	1	4	0	0	1	;
	560	557	2400	265	7	1	4	0	0	1	;
	560	559	900	31	1	1	4	0	0	1	;
	560	604	900	452	16.333332999999999657	1	4	0	0	1	;
	561	562	600	105	4	1	4	0	0	1	;
	562	563	2800	421	16.333332999999999657	1	4	0	0	1	;
	563	10	999999	0	0	0	4	0	0	0	;
	563	567	600	103	5.3333329999999996573	1	4	0	0	1	;
	563	779	2800	247	8	1	4	0	0	1	;
	563	782	600	18	1.3333330000000001014	1	4	0	0	1	;
	564	726	900	73	8.3333329999999996573	1	4	0	0	1	;
	564	806	900	104	5.3333329999999996573	1	4	0	0	1	;
	565	10	999999	0	0	0	4	0	0	0	;
	566	846	2400	29	1	1	4	0	0	1	;
	566	862	900	324	8	1	4	0	0	1	;
	567	10	999999	0	0	0	4	0	0	0	;
	567	565	600	309	12	1	4	0	0	1	;
	568	726	600	153	3.6666669999999998986	1	4	0	0	1	;
	569	10	999999	0	0	0	4	0	0	0	;
	569	563	600	289	16.666667000000000343	1	4	0	0	1	;
	570	82	999999	0	0	0	4	0	0	0	;
	570	574	2400	25	0.66666700000000000959	1	4	0	0	1	;
	570	576	2400	100	6	1	4	0	0	1	;
	571	572	900	55	2.6666669999999998986	1	4	0	0	1	;
	571	577	2400	50	1.6666669999999998986	1	4	0	0	1	;
	572	532	900	281	6.6666670000000003427	1	4	0	0	1	;
	573	82	999999	0	0	0	4	0	0	0	;
	573	574	2400	74	2	1	4	0	0	1	;
	574	82	999999	0	0	0	4	0	0	0	;
	574	570	2400	25	0.66666700000000000959	1	4	0	0	1	;
	574	581	2400	363	19.333332999999999657	1	4	0	0	1	;
	575	573	2400	21	1	1	4	0	0	1	;
	575	576	900	24	0.66666700000000000959	1	4	0	0	1	;
	576	558	2400	269	6.6666670000000003427	1	4	0	0	1	;
	576	577	900	25	0.66666700000000000959	1	4	0	0	1	;
	576	969	900	85	2.6666669999999998986	1	4	0	0	1	;
	577	572	900	26	2	1	4	0	0	1	;
	577	575	2400	13	0.33333299999999999041	1	4	0	0	1	;
	578	82	999999	0	0	0	4	0	0	0	;
	578	570	2400	356	21.333332999999999657	1	4	0	0	1	;
	578	581	2400	16	0.66666700000000000959	1	4	0	0	1	;
	579	578	2400	19	0.33333299999999999041	1	4	0	0	1	;
	579	689	2400	218	9.3333329999999996573	1	4	0	0	1	;
	580	578	2400	95	12	1	4	0	0	1	;
	581	660	2400	19	1	1	4	0	0	1	;
	581	674	2400	99	2.6666669999999998986	1	4	0	0	1	;
	582	67	999999	0	0	0	4	0	0	0	;
	582	583	2400	160	4	1	4	0	0	1	;
	583	50	999999	0	0	0	4	0	0	0	;
	583	67	999999	0	0	0	4	0	0	0	;
	583	173	2400	250	19.666667000000000343	1	4	0	0	1	;
	584	75	999999	0	0	0	4	0	0	0	;
	584	560	900	107	10	1	4	0	0	1	;
	585	50	999999	0	0	0	4	0	0	0	;
	585	945	2400	124	2.6666669999999998986	1	4	0	0	1	;
	586	50	999999	0	0	0	4	0	0	0	;
	586	585	2400	69	1.6666669999999998986	1	4	0	0	1	;
	587	9	999999	0	0	0	4	0	0	0	;
	587	588	2800	154	4	1	4	0	0	1	;
	587	658	2800	33	1.6666669999999998986	1	4	0	0	1	;
	588	589	2800	126	7	1	4	0	0	1	;
	589	176	2800	88	10.666667000000000343	1	4	0	0	1	;
	590	530	2800	345	14.333332999999999657	1	4	0	0	1	;
	591	545	900	113	7.3333329999999996573	1	4	0	0	1	;
	591	593	900	106	2.6666669999999998986	1	4	0	0	1	;
	592	165	2400	190	4	1	4	0	0	1	;
	593	591	900	106	2.6666669999999998986	1	4	0	0	1	;
	593	592	2400	77	2	1	4	0	0	1	;
	593	594	900	18	0.33333299999999999041	1	4	0	0	1	;
	594	593	900	18	0.33333299999999999041	1	4	0	0	1	;
	594	595	2400	101	3.3333330000000001014	1	4	0	0	1	;
	595	599	2400	120	2.6666669999999998986	1	4	0	0	1	;
	596	35	999999	0	0	0	4	0	0	0	;
	596	93	999999	0	0	0	4	0	0	0	;
	596	711	900	14	0.33333299999999999041	1	4	0	0	1	;
	596	939	900	180	4.6666670000000003427	1	4	0	0	1	;
	597	594	2400	131	7	1	4	0	0	1	;
	598	593	2400	220	8	1	4	0	0	1	;
	598	599	2400	19	1	1	4	0	0	1	;
	599	598	2400	19	0.33333299999999999041	1	4	0	0	1	;
	599	925	2400	102	3.6666669999999998986	1	4	0	0	1	;
	600	76	999999	0	0	0	4	0	0	0	;
	600	538	2800	255	11	1	4	0	0	1	;
	600	602	900	23	0.66666700000000000959	1	4	0	0	1	;
	600	611	900	446	16	1	4	0	0	1	;
	601	68	999999	0	0	0	4	0	0	0	;
	601	69	999999	0	0	0	4	0	0	0	;
	601	600	900	198	29.333332999999999657	1	4	0	0	1	;
	602	76	999999	0	0	0	4	0	0	0	;
	602	258	2800	539	16.333332999999999657	1	4	0	0	1	;
	602	600	900	23	0.66666700000000000959	1	4	0	0	1	;
	602	713	900	307	11	1	4	0	0	1	;
	603	69	999999	0	0	0	4	0	0	0	;
	603	600	2800	257	7.3333329999999996573	1	4	0	0	1	;
	604	607	900	150	5	1	4	0	0	1	;
	604	713	900	76	4.6666670000000003427	1	4	0	0	1	;
	605	610	900	315	12	1	4	0	0	1	;
	606	171	900	337	8.3333329999999996573	1	4	0	0	1	;
	607	75	999999	0	0	0	4	0	0	0	;
	607	584	900	195	6.3333329999999996573	1	4	0	0	1	;
	608	68	999999	0	0	0	4	0	0	0	;
	608	611	900	217	7	1	4	0	0	1	;
	608	926	2400	37	1	1	4	0	0	1	;
	609	942	900	132	3	1	4	0	0	1	;
	610	91	999999	0	0	0	4	0	0	0	;
	610	92	999999	0	0	0	4	0	0	0	;
	610	93	999999	0	0	0	4	0	0	0	;
	610	606	900	154	6	1	4	0	0	1	;
	610	715	900	174	6.3333329999999996573	1	4	0	0	1	;
	611	68	999999	0	0	0	4	0	0	0	;
	611	69	999999	0	0	0	4	0	0	0	;
	611	401	900	533	18	1	4	0	0	1	;
	611	601	900	248	9	1	4	0	0	1	;
	611	940	900	26	2	1	4	0	0	1	;
	612	620	900	163	4	1	4	0	0	1	;
	613	621	2400	114	4.3333329999999996573	1	4	0	0	1	;
	614	148	2400	13	1	1	4	0	0	1	;
	614	615	900	48	1.6666669999999998986	1	4	0	0	1	;
	614	618	2400	50	2.3333330000000001014	1	4	0	0	1	;
	615	614	900	48	7	1	4	0	0	1	;
	615	616	900	393	10	1	4	0	0	1	;
	615	618	900	18	1.6666669999999998986	1	4	0	0	1	;
	616	67	999999	0	0	0	4	0	0	0	;
	616	617	900	109	3.3333330000000001014	1	4	0	0	1	;
	617	551	900	122	4.3333329999999996573	1	4	0	0	1	;
	617	615	900	502	24.666667000000000343	1	4	0	0	1	;
	617	622	600	247	6.3333329999999996573	1	4	0	0	1	;
	618	613	2400	257	8.3333329999999996573	1	4	0	0	1	;
	619	87	999999	0	0	0	4	0	0	0	;
	619	620	900	36	1	1	4	0	0	1	;
	619	621	2400	56	1.3333330000000001014	1	4	0	0	1	;
	619	923	2400	230	6	1	4	0	0	1	;
	620	553	900	394	14	1	4	0	0	1	;
	620	621	900	52	1.3333330000000001014	1	4	0	0	1	;
	621	614	2400	421	18.666667000000000343	1	4	0	0	1	;
	621	619	2400	56	2	1	4	0	0	1	;
	621	620	900	52	2.3333330000000001014	1	4	0	0	1	;
	622	556	2400	194	10	1	4	0	0	1	;
	622	617	600	247	8.3333329999999996573	1	4	0	0	1	;
	623	516	900	181	6	1	4	0	0	1	;
	624	85	999999	0	0	0	4	0	0	0	;
	624	120	600	56	1.3333330000000001014	1	4	0	0	1	;
	625	638	2400	417	12.333332999999999657	1	4	0	0	1	;
	626	495	900	14	1.6666669999999998986	1	4	0	0	1	;
	626	627	2400	88	2	1	4	0	0	1	;
	627	628	2400	14	0.33333299999999999041	1	4	0	0	1	;
	628	278	2400	65	1.3333330000000001014	1	4	0	0	1	;
	629	630	2800	185	14.333332999999999657	1	4	0	0	1	;
	630	206	2800	562	55	1	4	0	0	1	;
	630	634	2800	82	1.6666669999999998986	1	4	0	0	1	;
	630	635	2400	277	6.3333329999999996573	1	4	0	0	1	;
	631	34	999999	0	0	0	4	0	0	0	;
	631	632	2400	366	12	1	4	0	0	1	;
	632	34	999999	0	0	0	4	0	0	0	;
	632	560	2400	373	17.666667000000000343	1	4	0	0	1	;
	632	596	900	321	10.666667000000000343	1	4	0	0	1	;
	632	636	900	22	0.66666700000000000959	1	4	0	0	1	;
	633	34	999999	0	0	0	4	0	0	0	;
	633	637	2400	399	8	1	4	0	0	1	;
	634	399	2800	398	9	1	4	0	0	1	;
	635	631	2400	418	8.6666670000000003427	1	4	0	0	1	;
	636	34	999999	0	0	0	4	0	0	0	;
	636	632	900	22	0.33333299999999999041	1	4	0	0	1	;
	636	633	2400	388	8.3333329999999996573	1	4	0	0	1	;
	637	630	2400	276	11.666667000000000343	1	4	0	0	1	;
	637	635	2400	12	0.33333299999999999041	1	4	0	0	1	;
	638	22	999999	0	0	0	4	0	0	0	;
	638	937	2400	252	6.6666670000000003427	1	4	0	0	1	;
	639	115	2400	104	2.6666669999999998986	1	4	0	0	1	;
	640	22	999999	0	0	0	4	0	0	0	;
	640	641	2400	91	2.3333330000000001014	1	4	0	0	1	;
	641	22	999999	0	0	0	4	0	0	0	;
	641	639	2400	572	14.333332999999999657	1	4	0	0	1	;
	642	87	999999	0	0	0	4	0	0	0	;
	642	922	2400	101	2.3333330000000001014	1	4	0	0	1	;
	643	64	999999	0	0	0	4	0	0	0	;
	643	924	2400	142	3.6666669999999998986	1	4	0	0	1	;
	644	663	2800	41	3.6666669999999998986	1	4	0	0	1	;
	644	669	2400	55	1.6666669999999998986	1	4	0	0	1	;
	645	230	2800	105	13	1	4	0	0	1	;
	645	653	900	7	0.33333299999999999041	1	4	0	0	1	;
	646	649	600	156	4	1	4	0	0	1	;
	647	15	999999	0	0	0	4	0	0	0	;
	647	657	2400	138	3.6666669999999998986	1	4	0	0	1	;
	648	13	999999	0	0	0	4	0	0	0	;
	648	649	600	101	2.6666669999999998986	1	4	0	0	1	;
	649	645	900	138	3.6666669999999998986	1	4	0	0	1	;
	649	652	900	185	4.3333329999999996573	1	4	0	0	1	;
	650	9	999999	0	0	0	4	0	0	0	;
	650	651	2800	161	6.3333329999999996573	1	4	0	0	1	;
	650	667	2800	34	1	1	4	0	0	1	;
	651	663	2400	32	0.66666700000000000959	1	4	0	0	1	;
	651	717	2800	37	1.3333330000000001014	1	4	0	0	1	;
	652	649	900	185	5	1	4	0	0	1	;
	652	656	600	141	6.6666670000000003427	1	4	0	0	1	;
	652	677	900	94	2.3333330000000001014	1	4	0	0	1	;
	653	649	900	131	4	1	4	0	0	1	;
	654	655	600	54	4	1	4	0	0	1	;
	655	243	600	194	5	1	4	0	0	1	;
	655	652	600	219	5.3333329999999996573	1	4	0	0	1	;
	656	655	600	78	4	1	4	0	0	1	;
	657	15	999999	0	0	0	4	0	0	0	;
	657	659	2400	53	1.3333330000000001014	1	4	0	0	1	;
	658	9	999999	0	0	0	4	0	0	0	;
	658	650	2800	40	1	1	4	0	0	1	;
	658	906	2800	69	1.6666669999999998986	1	4	0	0	1	;
	659	15	999999	0	0	0	4	0	0	0	;
	659	661	2400	108	5.3333329999999996573	1	4	0	0	1	;
	660	579	2400	15	1.3333330000000001014	1	4	0	0	1	;
	660	652	900	198	5	1	4	0	0	1	;
	661	660	2800	87	7.3333329999999996573	1	4	0	0	1	;
	662	667	2800	144	12.666667000000000343	1	4	0	0	1	;
	663	662	2800	31	2.6666669999999998986	1	4	0	0	1	;
	663	669	2400	49	1.3333330000000001014	1	4	0	0	1	;
	664	662	2400	107	8.6666670000000003427	1	4	0	0	1	;
	665	590	2800	24	1	1	4	0	0	1	;
	665	666	2800	27	1	1	4	0	0	1	;
	666	670	2800	344	7.6666670000000003427	1	4	0	0	1	;
	667	587	2800	38	3.3333330000000001014	1	4	0	0	1	;
	667	671	2800	60	1.6666669999999998986	1	4	0	0	1	;
	668	590	600	44	1.3333330000000001014	1	4	0	0	1	;
	668	666	2800	60	1.6666669999999998986	1	4	0	0	1	;
	669	672	2400	49	1	1	4	0	0	1	;
	670	587	2800	62	7.6666670000000003427	1	4	0	0	1	;
	670	671	2800	39	1	1	4	0	0	1	;
	671	665	2800	350	9.6666670000000003427	1	4	0	0	1	;
	672	647	2400	95	2.3333330000000001014	1	4	0	0	1	;
	673	15	999999	0	0	0	4	0	0	0	;
	673	664	2400	239	6.6666670000000003427	1	4	0	0	1	;
	674	673	2400	172	4.6666670000000003427	1	4	0	0	1	;
	675	676	2400	157	10.333332999999999657	1	4	0	0	1	;
	676	686	2400	10	0.33333299999999999041	1	4	0	0	1	;
	676	729	2400	43	1.6666669999999998986	1	4	0	0	1	;
	677	579	900	105	15	1	4	0	0	1	;
	678	6	999999	0	0	0	4	0	0	0	;
	678	706	2400	231	11	1	4	0	0	1	;
	679	676	900	48	6	1	4	0	0	1	;
	680	682	2400	39	1	1	4	0	0	1	;
	680	902	900	90	3	1	4	0	0	1	;
	681	290	2400	281	14	1	4	0	0	1	;
	682	681	2400	112	2.6666669999999998986	1	4	0	0	1	;
	683	13	999999	0	0	0	4	0	0	0	;
	683	685	600	206	5	1	4	0	0	1	;
	684	222	2400	67	11.666667000000000343	1	4	0	0	1	;
	685	13	999999	0	0	0	4	0	0	0	;
	685	688	600	366	9	1	4	0	0	1	;
	685	692	900	180	4.6666670000000003427	1	4	0	0	1	;
	685	973	900	71	2.3333330000000001014	1	4	0	0	1	;
	686	680	2400	19	1	1	4	0	0	1	;
	686	725	2400	22	0.66666700000000000959	1	4	0	0	1	;
	687	463	600	52	1.3333330000000001014	1	4	0	0	1	;
	688	683	600	160	7	1	4	0	0	1	;
	688	693	600	63	1.6666669999999998986	1	4	0	0	1	;
	689	461	2400	136	6	1	4	0	0	1	;
	690	691	2800	97	2.6666669999999998986	1	4	0	0	1	;
	691	658	2800	154	13.666667000000000343	1	4	0	0	1	;
	692	49	999999	0	0	0	4	0	0	0	;
	692	685	900	180	9	1	4	0	0	1	;
	692	696	600	156	4	1	4	0	0	1	;
	692	697	900	77	2	1	4	0	0	1	;
	693	687	600	30	0.66666700000000000959	1	4	0	0	1	;
	694	690	2800	33	0.66666700000000000959	1	4	0	0	1	;
	694	698	2800	84	2.3333330000000001014	1	4	0	0	1	;
	695	49	999999	0	0	0	4	0	0	0	;
	695	692	900	200	7.3333329999999996573	1	4	0	0	1	;
	696	49	999999	0	0	0	4	0	0	0	;
	697	49	999999	0	0	0	4	0	0	0	;
	697	446	900	318	8	1	4	0	0	1	;
	698	245	2800	545	13.333332999999999657	1	4	0	0	1	;
	699	59	999999	0	0	0	4	0	0	0	;
	699	61	999999	0	0	0	4	0	0	0	;
	699	269	900	125	3	1	4	0	0	1	;
	700	41	999999	0	0	0	4	0	0	0	;
	700	701	900	119	4.3333329999999996573	1	4	0	0	1	;
	701	700	900	119	5.6666670000000003427	1	4	0	0	1	;
	701	702	900	42	1	1	4	0	0	1	;
	701	824	900	257	8	1	4	0	0	1	;
	702	703	900	90	2.3333330000000001014	1	4	0	0	1	;
	703	41	999999	0	0	0	4	0	0	0	;
	703	702	900	90	2.3333330000000001014	1	4	0	0	1	;
	703	704	900	53	1.3333330000000001014	1	4	0	0	1	;
	704	41	999999	0	0	0	4	0	0	0	;
	704	700	900	113	11	1	4	0	0	1	;
	704	703	900	53	1.3333330000000001014	1	4	0	0	1	;
	704	798	900	300	21.333332999999999657	1	4	0	0	1	;
	705	44	999999	0	0	0	4	0	0	0	;
	705	707	2400	125	4.3333329999999996573	1	4	0	0	1	;
	705	736	600	20	0.33333299999999999041	1	4	0	0	1	;
	706	6	999999	0	0	0	4	0	0	0	;
	706	684	2400	358	15.666667000000000343	1	4	0	0	1	;
	706	731	2400	390	11	1	4	0	0	1	;
	706	808	2400	25	1.6666669999999998986	1	4	0	0	1	;
	707	44	999999	0	0	0	4	0	0	0	;
	707	680	2400	175	13	1	4	0	0	1	;
	708	927	2400	218	7.3333329999999996573	1	4	0	0	1	;
	709	35	999999	0	0	0	4	0	0	0	;
	709	93	999999	0	0	0	4	0	0	0	;
	709	596	900	206	6	1	4	0	0	1	;
	710	35	999999	0	0	0	4	0	0	0	;
	710	92	999999	0	0	0	4	0	0	0	;
	710	709	900	156	4.3333329999999996573	1	4	0	0	1	;
	710	714	900	291	7.3333329999999996573	1	4	0	0	1	;
	710	838	900	263	13.333332999999999657	1	4	0	0	1	;
	710	840	900	93	4	1	4	0	0	1	;
	711	35	999999	0	0	0	4	0	0	0	;
	711	710	900	348	19	1	4	0	0	1	;
	712	716	900	7	0.33333299999999999041	1	4	0	0	1	;
	713	602	900	307	17.666667000000000343	1	4	0	0	1	;
	713	604	900	76	2.3333330000000001014	1	4	0	0	1	;
	713	712	900	243	8.6666670000000003427	1	4	0	0	1	;
	714	713	900	332	8.3333329999999996573	1	4	0	0	1	;
	715	93	999999	0	0	0	4	0	0	0	;
	715	840	900	228	5.6666670000000003427	1	4	0	0	1	;
	716	710	900	373	19.666667000000000343	1	4	0	0	1	;
	717	234	2800	254	7.3333329999999996573	1	4	0	0	1	;
	718	4	999999	0	0	0	4	0	0	0	;
	718	44	999999	0	0	0	4	0	0	0	;
	718	720	900	339	21.333332999999999657	1	4	0	0	1	;
	718	724	900	154	9	1	4	0	0	1	;
	719	300	2800	200	9	1	4	0	0	1	;
	720	43	999999	0	0	0	4	0	0	0	;
	720	723	900	233	7.6666670000000003427	1	4	0	0	1	;
	720	794	2800	81	14.666667000000000343	1	4	0	0	1	;
	721	305	900	43	1.3333330000000001014	1	4	0	0	1	;
	721	739	900	203	10	1	4	0	0	1	;
	722	718	900	222	11.333332999999999657	1	4	0	0	1	;
	722	809	900	252	16	1	4	0	0	1	;
	723	4	999999	0	0	0	4	0	0	0	;
	723	44	999999	0	0	0	4	0	0	0	;
	723	718	900	106	9.6666670000000003427	1	4	0	0	1	;
	724	4	999999	0	0	0	4	0	0	0	;
	724	718	900	154	16.333332999999999657	1	4	0	0	1	;
	724	722	900	225	14.666667000000000343	1	4	0	0	1	;
	724	760	900	118	9.6666670000000003427	1	4	0	0	1	;
	725	727	2400	84	2	1	4	0	0	1	;
	726	564	900	73	6	1	4	0	0	1	;
	726	760	2800	41	4.6666670000000003427	1	4	0	0	1	;
	727	730	2400	61	1.3333330000000001014	1	4	0	0	1	;
	728	686	2400	37	4.3333329999999996573	1	4	0	0	1	;
	728	725	2400	20	1	1	4	0	0	1	;
	729	733	2400	124	5	1	4	0	0	1	;
	730	736	2400	132	4.3333329999999996573	1	4	0	0	1	;
	731	811	2400	45	1.6666669999999998986	1	4	0	0	1	;
	732	24	999999	0	0	0	4	0	0	0	;
	732	728	2400	85	4.3333329999999996573	1	4	0	0	1	;
	733	24	999999	0	0	0	4	0	0	0	;
	733	772	2400	468	23.333332999999999657	1	4	0	0	1	;
	734	24	999999	0	0	0	4	0	0	0	;
	734	732	2400	93	2.6666669999999998986	1	4	0	0	1	;
	735	41	999999	0	0	0	4	0	0	0	;
	735	773	600	940	36.33333300000000321	1	4	0	0	1	;
	736	705	600	20	0.33333299999999999041	1	4	0	0	1	;
	736	735	600	102	3.6666669999999998986	1	4	0	0	1	;
	736	796	2800	284	23	1	4	0	0	1	;
	737	79	999999	0	0	0	4	0	0	0	;
	737	96	999999	0	0	0	4	0	0	0	;
	737	894	900	113	3.3333330000000001014	1	4	0	0	1	;
	738	37	999999	0	0	0	4	0	0	0	;
	738	39	999999	0	0	0	4	0	0	0	;
	738	298	900	73	1.6666669999999998986	1	4	0	0	1	;
	739	721	900	203	5.6666670000000003427	1	4	0	0	1	;
	739	737	900	173	9	1	4	0	0	1	;
	739	744	2400	320	11.333332999999999657	1	4	0	0	1	;
	739	778	2400	255	8.6666670000000003427	1	4	0	0	1	;
	740	295	900	58	2	1	4	0	0	1	;
	740	303	900	66	4.3333329999999996573	1	4	0	0	1	;
	740	742	900	105	3.3333330000000001014	1	4	0	0	1	;
	741	79	999999	0	0	0	4	0	0	0	;
	741	893	900	113	3	1	4	0	0	1	;
	741	915	900	293	9.3333329999999996573	1	4	0	0	1	;
	742	293	900	77	2.6666669999999998986	1	4	0	0	1	;
	742	740	900	105	2.6666669999999998986	1	4	0	0	1	;
	743	37	999999	0	0	0	4	0	0	0	;
	743	738	900	32	0.66666700000000000959	1	4	0	0	1	;
	744	96	999999	0	0	0	4	0	0	0	;
	744	739	2400	320	30.666667000000000343	1	4	0	0	1	;
	744	775	2400	459	20.333332999999999657	1	4	0	0	1	;
	744	777	600	186	4.6666670000000003427	1	4	0	0	1	;
	745	754	2400	187	4	1	4	0	0	1	;
	746	377	900	224	10.333332999999999657	1	4	0	0	1	;
	747	971	900	57	2.3333330000000001014	1	4	0	0	1	;
	748	38	999999	0	0	0	4	0	0	0	;
	748	303	900	172	13.333332999999999657	1	4	0	0	1	;
	749	745	2400	208	4.3333329999999996573	1	4	0	0	1	;
	750	2	999999	0	0	0	4	0	0	0	;
	750	304	900	409	28.333332999999999657	1	4	0	0	1	;
	750	755	600	174	6	1	4	0	0	1	;
	750	780	900	66	2.6666669999999998986	1	4	0	0	1	;
	750	892	900	384	21	1	4	0	0	1	;
	751	5	999999	0	0	0	4	0	0	0	;
	751	750	900	165	8.6666670000000003427	1	4	0	0	1	;
	752	2	999999	0	0	0	4	0	0	0	;
	752	5	999999	0	0	0	4	0	0	0	;
	752	750	900	221	13.333332999999999657	1	4	0	0	1	;
	753	2	999999	0	0	0	4	0	0	0	;
	753	780	900	93	8.3333329999999996573	1	4	0	0	1	;
	753	971	900	102	3.6666669999999998986	1	4	0	0	1	;
	754	304	2400	324	6.6666670000000003427	1	4	0	0	1	;
	755	3	999999	0	0	0	4	0	0	0	;
	755	750	600	174	12	1	4	0	0	1	;
	755	756	600	109	4	1	4	0	0	1	;
	756	3	999999	0	0	0	4	0	0	0	;
	756	757	600	60	2.6666669999999998986	1	4	0	0	1	;
	757	3	999999	0	0	0	4	0	0	0	;
	757	759	600	70	3	1	4	0	0	1	;
	758	3	999999	0	0	0	4	0	0	0	;
	758	755	600	241	9.6666670000000003427	1	4	0	0	1	;
	758	759	600	32	0.66666700000000000959	1	4	0	0	1	;
	759	568	600	261	6.6666670000000003427	1	4	0	0	1	;
	759	758	600	32	0.66666700000000000959	1	4	0	0	1	;
	760	4	999999	0	0	0	4	0	0	0	;
	760	724	900	118	7.6666670000000003427	1	4	0	0	1	;
	760	762	600	46	3.6666669999999998986	1	4	0	0	1	;
	761	6	999999	0	0	0	4	0	0	0	;
	761	808	900	178	12.666667000000000343	1	4	0	0	1	;
	762	758	600	210	10.666667000000000343	1	4	0	0	1	;
	763	94	999999	0	0	0	4	0	0	0	;
	763	764	900	362	13	1	4	0	0	1	;
	764	94	999999	0	0	0	4	0	0	0	;
	764	312	900	165	15.666667000000000343	1	4	0	0	1	;
	765	768	600	438	18	1	4	0	0	1	;
	766	16	999999	0	0	0	4	0	0	0	;
	766	367	600	234	9.6666670000000003427	1	4	0	0	1	;
	767	25	999999	0	0	0	4	0	0	0	;
	767	26	999999	0	0	0	4	0	0	0	;
	767	313	2400	338	20.666667000000000343	1	4	0	0	1	;
	767	456	600	185	6.6666670000000003427	1	4	0	0	1	;
	768	16	999999	0	0	0	4	0	0	0	;
	768	766	600	152	6.3333329999999996573	1	4	0	0	1	;
	769	16	999999	0	0	0	4	0	0	0	;
	770	78	999999	0	0	0	4	0	0	0	;
	770	777	600	123	3	1	4	0	0	1	;
	771	25	999999	0	0	0	4	0	0	0	;
	771	455	2400	133	7.3333329999999996573	1	4	0	0	1	;
	771	772	2400	24	0.66666700000000000959	1	4	0	0	1	;
	772	25	999999	0	0	0	4	0	0	0	;
	772	771	2400	24	0.66666700000000000959	1	4	0	0	1	;
	772	774	2400	234	9.3333329999999996573	1	4	0	0	1	;
	773	26	999999	0	0	0	4	0	0	0	;
	773	767	600	33	1.3333330000000001014	1	4	0	0	1	;
	773	771	2400	442	15	1	4	0	0	1	;
	774	25	999999	0	0	0	4	0	0	0	;
	774	767	2400	215	12	1	4	0	0	1	;
	775	78	999999	0	0	0	4	0	0	0	;
	775	80	999999	0	0	0	4	0	0	0	;
	775	102	2400	167	5.3333329999999996573	1	4	0	0	1	;
	776	78	999999	0	0	0	4	0	0	0	;
	776	80	999999	0	0	0	4	0	0	0	;
	776	96	999999	0	0	0	4	0	0	0	;
	776	744	2400	202	7.3333329999999996573	1	4	0	0	1	;
	777	78	999999	0	0	0	4	0	0	0	;
	777	744	600	186	4.6666670000000003427	1	4	0	0	1	;
	778	38	999999	0	0	0	4	0	0	0	;
	778	79	999999	0	0	0	4	0	0	0	;
	778	302	2400	208	24	1	4	0	0	1	;
	779	785	2800	205	5.6666670000000003427	1	4	0	0	1	;
	779	790	600	16	0.33333299999999999041	1	4	0	0	1	;
	780	2	999999	0	0	0	4	0	0	0	;
	780	750	900	66	6	1	4	0	0	1	;
	780	753	900	93	4.3333329999999996573	1	4	0	0	1	;
	781	38	999999	0	0	0	4	0	0	0	;
	781	739	2400	178	21	1	4	0	0	1	;
	782	563	600	18	0.66666700000000000959	1	4	0	0	1	;
	782	719	2800	82	3	1	4	0	0	1	;
	783	11	999999	0	0	0	4	0	0	0	;
	783	261	2800	183	19	1	4	0	0	1	;
	784	48	999999	0	0	0	4	0	0	0	;
	784	788	600	25	2.3333330000000001014	1	4	0	0	1	;
	785	257	2800	211	10	1	4	0	0	1	;
	786	384	2400	113	3.3333330000000001014	1	4	0	0	1	;
	787	11	999999	0	0	0	4	0	0	0	;
	787	783	900	162	4.3333329999999996573	1	4	0	0	1	;
	787	784	600	294	7	1	4	0	0	1	;
	788	48	999999	0	0	0	4	0	0	0	;
	788	301	600	85	2.3333330000000001014	1	4	0	0	1	;
	788	791	600	205	5.3333329999999996573	1	4	0	0	1	;
	789	792	2400	141	7.6666670000000003427	1	4	0	0	1	;
	790	779	600	16	0.33333299999999999041	1	4	0	0	1	;
	790	782	2800	240	14.333332999999999657	1	4	0	0	1	;
	791	11	999999	0	0	0	4	0	0	0	;
	791	787	900	114	2.6666669999999998986	1	4	0	0	1	;
	792	706	2400	328	18	1	4	0	0	1	;
	793	43	999999	0	0	0	4	0	0	0	;
	793	794	2800	40	7	1	4	0	0	1	;
	793	795	2800	218	9	1	4	0	0	1	;
	794	43	999999	0	0	0	4	0	0	0	;
	794	705	2800	276	8.6666670000000003427	1	4	0	0	1	;
	794	720	900	81	2.6666669999999998986	1	4	0	0	1	;
	794	796	2800	12	0.66666700000000000959	1	4	0	0	1	;
	795	40	999999	0	0	0	4	0	0	0	;
	795	43	999999	0	0	0	4	0	0	0	;
	795	793	2800	218	12.333332999999999657	1	4	0	0	1	;
	795	892	2400	367	13.666667000000000343	1	4	0	0	1	;
	796	793	2400	37	1.6666669999999998986	1	4	0	0	1	;
	796	794	2800	12	0.66666700000000000959	1	4	0	0	1	;
	796	798	2400	363	20.333332999999999657	1	4	0	0	1	;
	797	796	2800	252	23	1	4	0	0	1	;
	798	704	900	300	12.333332999999999657	1	4	0	0	1	;
	798	797	2400	111	5.3333329999999996573	1	4	0	0	1	;
	798	829	2400	261	10.666667000000000343	1	4	0	0	1	;
	798	916	900	197	8.6666670000000003427	1	4	0	0	1	;
	799	40	999999	0	0	0	4	0	0	0	;
	799	795	600	70	1.6666669999999998986	1	4	0	0	1	;
	800	40	999999	0	0	0	4	0	0	0	;
	800	795	2400	131	4.6666670000000003427	1	4	0	0	1	;
	801	390	900	34	7	1	4	0	0	1	;
	801	804	2800	77	2.6666669999999998986	1	4	0	0	1	;
	802	803	2800	83	5.3333329999999996573	1	4	0	0	1	;
	803	19	999999	0	0	0	4	0	0	0	;
	803	289	2800	82	7.3333329999999996573	1	4	0	0	1	;
	804	802	2800	74	3	1	4	0	0	1	;
	805	801	2800	22	0.66666700000000000959	1	4	0	0	1	;
	805	871	900	221	7.3333329999999996573	1	4	0	0	1	;
	806	564	900	104	5.3333329999999996573	1	4	0	0	1	;
	806	761	900	105	7.6666670000000003427	1	4	0	0	1	;
	807	808	2800	351	14	1	4	0	0	1	;
	808	6	999999	0	0	0	4	0	0	0	;
	808	706	2400	25	1	1	4	0	0	1	;
	808	786	2400	539	24.333332999999999657	1	4	0	0	1	;
	808	806	900	283	10	1	4	0	0	1	;
	809	810	900	134	5.6666670000000003427	1	4	0	0	1	;
	809	813	2800	131	14.666667000000000343	1	4	0	0	1	;
	809	899	900	39	1	1	4	0	0	1	;
	810	722	900	118	8.6666670000000003427	1	4	0	0	1	;
	811	814	2800	198	10	1	4	0	0	1	;
	812	815	2400	196	11	1	4	0	0	1	;
	813	807	2400	271	10.666667000000000343	1	4	0	0	1	;
	813	814	2800	26	2	1	4	0	0	1	;
	814	812	2800	75	2.3333330000000001014	1	4	0	0	1	;
	814	897	2800	28	1	1	4	0	0	1	;
	815	650	2800	69	4.6666670000000003427	1	4	0	0	1	;
	815	906	2400	37	0.66666700000000000959	1	4	0	0	1	;
	816	1	999999	0	0	0	4	0	0	0	;
	816	817	600	100	2.3333330000000001014	1	4	0	0	1	;
	817	1	999999	0	0	0	4	0	0	0	;
	817	821	600	43	1	1	4	0	0	1	;
	817	822	600	192	4.6666670000000003427	1	4	0	0	1	;
	817	827	600	164	4	1	4	0	0	1	;
	818	825	900	218	7.3333329999999996573	1	4	0	0	1	;
	819	829	600	97	2.3333330000000001014	1	4	0	0	1	;
	820	1	999999	0	0	0	4	0	0	0	;
	820	816	600	179	4.3333329999999996573	1	4	0	0	1	;
	821	1	999999	0	0	0	4	0	0	0	;
	821	828	600	114	3	1	4	0	0	1	;
	822	819	600	180	4.6666670000000003427	1	4	0	0	1	;
	823	773	2800	249	11	1	4	0	0	1	;
	824	972	900	1	0.33333299999999999041	1	4	0	0	1	;
	825	26	999999	0	0	0	4	0	0	0	;
	825	701	900	585	20.333332999999999657	1	4	0	0	1	;
	825	823	900	237	6	1	4	0	0	1	;
	826	827	600	176	4.3333329999999996573	1	4	0	0	1	;
	827	817	600	164	4	1	4	0	0	1	;
	827	828	600	387	9.6666670000000003427	1	4	0	0	1	;
	827	830	600	191	4.6666670000000003427	1	4	0	0	1	;
	828	817	600	157	4	1	4	0	0	1	;
	828	826	600	211	5.3333329999999996573	1	4	0	0	1	;
	829	42	999999	0	0	0	4	0	0	0	;
	829	798	2400	261	16	1	4	0	0	1	;
	829	820	600	190	4.6666670000000003427	1	4	0	0	1	;
	829	914	2400	234	8	1	4	0	0	1	;
	830	914	600	226	5.6666670000000003427	1	4	0	0	1	;
	831	832	900	40	1.6666669999999998986	1	4	0	0	1	;
	831	834	900	160	4	1	4	0	0	1	;
	832	836	900	34	1.3333330000000001014	1	4	0	0	1	;
	833	640	2400	235	6	1	4	0	0	1	;
	834	97	999999	0	0	0	4	0	0	0	;
	834	831	900	160	5	1	4	0	0	1	;
	835	836	900	43	1.3333330000000001014	1	4	0	0	1	;
	835	837	900	39	4.3333329999999996573	1	4	0	0	1	;
	836	831	900	74	2	1	4	0	0	1	;
	836	835	900	43	2	1	4	0	0	1	;
	837	281	900	30	1	1	4	0	0	1	;
	837	835	900	39	1	1	4	0	0	1	;
	838	92	999999	0	0	0	4	0	0	0	;
	838	258	900	85	21	1	4	0	0	1	;
	838	710	900	263	14	1	4	0	0	1	;
	839	610	600	496	12.333332999999999657	1	4	0	0	1	;
	840	610	900	402	10	1	4	0	0	1	;
	840	710	900	93	2.3333330000000001014	1	4	0	0	1	;
	840	841	600	38	1.6666669999999998986	1	4	0	0	1	;
	841	839	600	14	0.33333299999999999041	1	4	0	0	1	;
	842	562	2800	128	4.3333329999999996573	1	4	0	0	1	;
	842	843	2800	168	10.333332999999999657	1	4	0	0	1	;
	842	847	2400	104	2.6666669999999998986	1	4	0	0	1	;
	842	848	2400	96	4.6666670000000003427	1	4	0	0	1	;
	843	46	999999	0	0	0	4	0	0	0	;
	843	842	2800	168	8.3333329999999996573	1	4	0	0	1	;
	843	844	600	107	4	1	4	0	0	1	;
	843	849	600	103	4	1	4	0	0	1	;
	843	859	2800	219	22.666667000000000343	1	4	0	0	1	;
	844	843	600	107	2.6666669999999998986	1	4	0	0	1	;
	844	847	600	117	4	1	4	0	0	1	;
	844	854	600	121	3	1	4	0	0	1	;
	845	37	999999	0	0	0	4	0	0	0	;
	845	45	999999	0	0	0	4	0	0	0	;
	845	933	900	153	3.6666669999999998986	1	4	0	0	1	;
	846	566	2400	29	0.66666700000000000959	1	4	0	0	1	;
	846	847	2400	161	13.333332999999999657	1	4	0	0	1	;
	846	854	600	86	2	1	4	0	0	1	;
	847	561	600	128	6	1	4	0	0	1	;
	847	842	2400	104	6	1	4	0	0	1	;
	847	846	2400	161	4	1	4	0	0	1	;
	848	842	2400	96	5	1	4	0	0	1	;
	848	878	2400	190	9.3333329999999996573	1	4	0	0	1	;
	849	880	600	98	4.6666670000000003427	1	4	0	0	1	;
	850	864	900	83	2.6666669999999998986	1	4	0	0	1	;
	851	855	2400	144	11	1	4	0	0	1	;
	851	884	2400	128	3.3333330000000001014	1	4	0	0	1	;
	851	931	2400	29	1	1	4	0	0	1	;
	852	865	2800	64	2.3333330000000001014	1	4	0	0	1	;
	853	850	900	154	7	1	4	0	0	1	;
	853	852	2800	129	8	1	4	0	0	1	;
	853	859	2800	520	25	1	4	0	0	1	;
	854	844	600	121	3	1	4	0	0	1	;
	854	846	600	86	2	1	4	0	0	1	;
	855	47	999999	0	0	0	4	0	0	0	;
	855	851	2400	144	12.333332999999999657	1	4	0	0	1	;
	855	856	900	47	1.3333330000000001014	1	4	0	0	1	;
	855	860	2400	422	15.666667000000000343	1	4	0	0	1	;
	855	885	600	203	7.3333329999999996573	1	4	0	0	1	;
	856	47	999999	0	0	0	4	0	0	0	;
	857	858	900	17	0.33333299999999999041	1	4	0	0	1	;
	858	857	900	17	1.3333330000000001014	1	4	0	0	1	;
	858	861	900	109	4.6666670000000003427	1	4	0	0	1	;
	858	862	900	436	11	1	4	0	0	1	;
	859	46	999999	0	0	0	4	0	0	0	;
	859	843	2800	219	11.333332999999999657	1	4	0	0	1	;
	859	853	2800	520	41	1	4	0	0	1	;
	859	855	2400	599	28.666667000000000343	1	4	0	0	1	;
	859	862	900	298	13.333332999999999657	1	4	0	0	1	;
	860	46	999999	0	0	0	4	0	0	0	;
	860	47	999999	0	0	0	4	0	0	0	;
	860	859	2400	177	18.333332999999999657	1	4	0	0	1	;
	861	853	900	236	16.666667000000000343	1	4	0	0	1	;
	861	864	900	14	0.33333299999999999041	1	4	0	0	1	;
	862	46	999999	0	0	0	4	0	0	0	;
	862	566	900	324	13	1	4	0	0	1	;
	862	858	900	436	11	1	4	0	0	1	;
	862	859	900	298	40.33333300000000321	1	4	0	0	1	;
	863	47	999999	0	0	0	4	0	0	0	;
	863	855	900	279	18	1	4	0	0	1	;
	863	865	900	374	18.666667000000000343	1	4	0	0	1	;
	863	866	900	170	13.666667000000000343	1	4	0	0	1	;
	864	857	900	99	4	1	4	0	0	1	;
	864	861	900	14	0.33333299999999999041	1	4	0	0	1	;
	865	863	900	374	13.333332999999999657	1	4	0	0	1	;
	866	863	900	170	11.333332999999999657	1	4	0	0	1	;
	866	930	900	16	2	1	4	0	0	1	;
	867	18	999999	0	0	0	4	0	0	0	;
	867	869	2400	84	6	1	4	0	0	1	;
	868	867	2400	87	3.3333330000000001014	1	4	0	0	1	;
	869	18	999999	0	0	0	4	0	0	0	;
	869	453	900	38	1	1	4	0	0	1	;
	869	974	2400	294	7.3333329999999996573	1	4	0	0	1	;
	870	801	900	229	15.333332999999999657	1	4	0	0	1	;
	871	363	900	257	15	1	4	0	0	1	;
	872	372	900	141	10.333332999999999657	1	4	0	0	1	;
	873	626	900	124	3	1	4	0	0	1	;
	874	23	999999	0	0	0	4	0	0	0	;
	874	877	900	645	19.333332999999999657	1	4	0	0	1	;
	875	874	900	219	6.6666670000000003427	1	4	0	0	1	;
	876	23	999999	0	0	0	4	0	0	0	;
	876	873	900	505	12.666667000000000343	1	4	0	0	1	;
	877	23	999999	0	0	0	4	0	0	0	;
	877	277	900	178	10.666667000000000343	1	4	0	0	1	;
	878	374	2400	100	5.6666670000000003427	1	4	0	0	1	;
	879	881	600	87	3.6666669999999998986	1	4	0	0	1	;
	880	843	600	201	17.666667000000000343	1	4	0	0	1	;
	880	881	600	6	0.33333299999999999041	1	4	0	0	1	;
	881	880	600	6	0.33333299999999999041	1	4	0	0	1	;
	881	886	600	187	6.6666670000000003427	1	4	0	0	1	;
	882	375	600	201	10	1	4	0	0	1	;
	882	879	600	100	8.3333329999999996573	1	4	0	0	1	;
	882	883	600	94	14.333332999999999657	1	4	0	0	1	;
	883	315	600	198	11.333332999999999657	1	4	0	0	1	;
	883	318	600	137	8.3333329999999996573	1	4	0	0	1	;
	883	882	600	94	4	1	4	0	0	1	;
	884	326	2400	84	3.6666669999999998986	1	4	0	0	1	;
	884	934	2400	32	0.66666700000000000959	1	4	0	0	1	;
	885	883	600	114	8.3333329999999996573	1	4	0	0	1	;
	886	882	600	100	5.6666670000000003427	1	4	0	0	1	;
	887	888	900	23	0.66666700000000000959	1	4	0	0	1	;
	888	685	900	180	7	1	4	0	0	1	;
	890	790	2800	293	8.3333329999999996573	1	4	0	0	1	;
	891	5	999999	0	0	0	4	0	0	0	;
	891	892	2400	74	6	1	4	0	0	1	;
	892	5	999999	0	0	0	4	0	0	0	;
	892	302	2400	384	19.333332999999999657	1	4	0	0	1	;
	892	751	900	219	11.333332999999999657	1	4	0	0	1	;
	892	800	2400	236	8.6666670000000003427	1	4	0	0	1	;
	893	96	999999	0	0	0	4	0	0	0	;
	893	741	900	113	14.333332999999999657	1	4	0	0	1	;
	893	894	900	72	2.3333330000000001014	1	4	0	0	1	;
	894	893	900	72	3	1	4	0	0	1	;
	894	895	900	17	0.66666700000000000959	1	4	0	0	1	;
	895	739	900	269	26	1	4	0	0	1	;
	896	40	999999	0	0	0	4	0	0	0	;
	896	741	900	165	8.3333329999999996573	1	4	0	0	1	;
	897	905	2800	30	1.6666669999999998986	1	4	0	0	1	;
	897	910	2400	184	5	1	4	0	0	1	;
	898	8	999999	0	0	0	4	0	0	0	;
	898	809	900	231	15.666667000000000343	1	4	0	0	1	;
	898	900	900	10	0.33333299999999999041	1	4	0	0	1	;
	899	8	999999	0	0	0	4	0	0	0	;
	899	898	900	192	7.6666670000000003427	1	4	0	0	1	;
	900	8	999999	0	0	0	4	0	0	0	;
	900	679	900	274	18.333332999999999657	1	4	0	0	1	;
	901	9	999999	0	0	0	4	0	0	0	;
	901	897	2400	239	8	1	4	0	0	1	;
	902	903	900	118	4	1	4	0	0	1	;
	903	8	999999	0	0	0	4	0	0	0	;
	903	898	900	111	4	1	4	0	0	1	;
	904	905	2400	220	17	1	4	0	0	1	;
	905	813	2800	23	1.6666669999999998986	1	4	0	0	1	;
	905	909	2800	107	4.3333329999999996573	1	4	0	0	1	;
	906	815	2400	37	0.66666700000000000959	1	4	0	0	1	;
	906	901	2400	29	1	1	4	0	0	1	;
	907	904	2400	75	2	1	4	0	0	1	;
	908	907	2400	15	1	1	4	0	0	1	;
	909	809	900	37	2	1	4	0	0	1	;
	909	899	900	44	2.3333330000000001014	1	4	0	0	1	;
	910	464	2400	145	11.333332999999999657	1	4	0	0	1	;
	911	42	999999	0	0	0	4	0	0	0	;
	911	99	2400	64	2.6666669999999998986	1	4	0	0	1	;
	912	42	999999	0	0	0	4	0	0	0	;
	912	911	2400	55	2	1	4	0	0	1	;
	913	798	900	78	9.3333329999999996573	1	4	0	0	1	;
	914	42	999999	0	0	0	4	0	0	0	;
	914	827	600	417	10.333332999999999657	1	4	0	0	1	;
	914	829	2400	234	8.3333329999999996573	1	4	0	0	1	;
	914	912	2400	23	1.3333330000000001014	1	4	0	0	1	;
	915	916	900	134	4	1	4	0	0	1	;
	916	795	600	358	18.666667000000000343	1	4	0	0	1	;
	916	896	900	262	9.3333329999999996573	1	4	0	0	1	;
	916	913	900	119	5.6666670000000003427	1	4	0	0	1	;
	917	352	2400	46	1.6666669999999998986	1	4	0	0	1	;
	917	918	900	15	0.33333299999999999041	1	4	0	0	1	;
	918	917	900	15	0.33333299999999999041	1	4	0	0	1	;
	918	919	900	84	2.6666669999999998986	1	4	0	0	1	;
	918	920	2400	83	3	1	4	0	0	1	;
	919	21	999999	0	0	0	4	0	0	0	;
	919	306	900	268	6.6666670000000003427	1	4	0	0	1	;
	920	429	2400	85	2	1	4	0	0	1	;
	921	21	999999	0	0	0	4	0	0	0	;
	921	918	900	175	4.3333329999999996573	1	4	0	0	1	;
	922	129	2400	282	13	1	4	0	0	1	;
	923	87	999999	0	0	0	4	0	0	0	;
	923	619	2400	230	5.6666670000000003427	1	4	0	0	1	;
	923	642	2400	203	6	1	4	0	0	1	;
	924	87	999999	0	0	0	4	0	0	0	;
	924	923	2400	157	3.6666669999999998986	1	4	0	0	1	;
	925	708	2400	197	5	1	4	0	0	1	;
	926	598	2400	512	18.666667000000000343	1	4	0	0	1	;
	926	927	900	24	1.6666669999999998986	1	4	0	0	1	;
	927	622	2400	57	2	1	4	0	0	1	;
	928	932	600	166	4	1	4	0	0	1	;
	929	45	999999	0	0	0	4	0	0	0	;
	929	743	900	400	10.333332999999999657	1	4	0	0	1	;
	930	866	900	16	0.66666700000000000959	1	4	0	0	1	;
	930	932	900	175	12.666667000000000343	1	4	0	0	1	;
	931	851	2400	29	1.3333330000000001014	1	4	0	0	1	;
	931	933	900	165	4	1	4	0	0	1	;
	932	930	900	175	8.6666670000000003427	1	4	0	0	1	;
	933	45	999999	0	0	0	4	0	0	0	;
	933	929	900	85	2	1	4	0	0	1	;
	933	931	900	165	4	1	4	0	0	1	;
	933	932	900	226	14	1	4	0	0	1	;
	934	884	2400	32	2.3333330000000001014	1	4	0	0	1	;
	934	931	2400	130	10	1	4	0	0	1	;
	935	45	999999	0	0	0	4	0	0	0	;
	935	933	600	219	7.3333329999999996573	1	4	0	0	1	;
	936	336	2400	138	5.6666670000000003427	1	4	0	0	1	;
	937	22	999999	0	0	0	4	0	0	0	;
	937	283	2400	644	16	1	4	0	0	1	;
	938	69	999999	0	0	0	4	0	0	0	;
	938	940	900	146	3.6666669999999998986	1	4	0	0	1	;
	939	632	900	141	11.333332999999999657	1	4	0	0	1	;
	940	68	999999	0	0	0	4	0	0	0	;
	940	611	900	26	0.66666700000000000959	1	4	0	0	1	;
	940	926	900	187	12.666667000000000343	1	4	0	0	1	;
	941	950	2800	236	5.6666670000000003427	1	4	0	0	1	;
	942	949	900	280	17.333332999999999657	1	4	0	0	1	;
	943	948	900	70	1.6666669999999998986	1	4	0	0	1	;
	944	943	900	200	4.6666670000000003427	1	4	0	0	1	;
	944	949	2800	27	1	1	4	0	0	1	;
	945	946	2400	50	1	1	4	0	0	1	;
	946	944	2800	207	13.666667000000000343	1	4	0	0	1	;
	947	540	2800	63	10.666667000000000343	1	4	0	0	1	;
	948	947	900	130	5.6666670000000003427	1	4	0	0	1	;
	949	556	900	27	1	1	4	0	0	1	;
	949	608	2400	227	6.6666670000000003427	1	4	0	0	1	;
	950	51	999999	0	0	0	4	0	0	0	;
	950	668	2800	22	0.66666700000000000959	1	4	0	0	1	;
	951	952	900	244	12	1	4	0	0	1	;
	951	953	900	113	3.6666669999999998986	1	4	0	0	1	;
	952	30	999999	0	0	0	4	0	0	0	;
	952	353	600	348	17.333332999999999657	1	4	0	0	1	;
	952	355	900	247	12.333332999999999657	1	4	0	0	1	;
	952	954	900	121	3.6666669999999998986	1	4	0	0	1	;
	953	518	900	420	18	1	4	0	0	1	;
	954	951	900	123	5	1	4	0	0	1	;
	955	951	900	225	9.6666670000000003427	1	4	0	0	1	;
	956	74	999999	0	0	0	4	0	0	0	;
	956	337	900	112	2.6666669999999998986	1	4	0	0	1	;
	956	508	900	291	7.3333329999999996573	1	4	0	0	1	;
	958	80	999999	0	0	0	4	0	0	0	;
	958	776	2400	400	12.666667000000000343	1	4	0	0	1	;
	959	853	2800	22	3	1	4	0	0	1	;
	960	103	600	193	4.6666670000000003427	1	4	0	0	1	;
	961	644	2800	45	3.3333330000000001014	1	4	0	0	1	;
	962	589	2800	590	15.333332999999999657	1	4	0	0	1	;
	963	361	2400	156	24.666667000000000343	1	4	0	0	1	;
	964	501	600	241	6	1	4	0	0	1	;
	966	95	999999	0	0	0	4	0	0	0	;
	966	516	900	130	3.6666669999999998986	1	4	0	0	1	;
	967	431	900	277	15.666667000000000343	1	4	0	0	1	;
	968	576	900	149	8.3333329999999996573	1	4	0	0	1	;
	969	967	900	78	2.3333330000000001014	1	4	0	0	1	;
	970	495	2400	379	14	1	4	0	0	1	;
	971	746	900	70	3	1	4	0	0	1	;
	971	753	900	102	7	1	4	0	0	1	;
	972	825	900	327	8.3333329999999996573	1	4	0	0	1	;
	973	13	999999	0	0	0	4	0	0	0	;
	973	257	900	222	7	1	4	0	0	1	;
	974	957	2400	60	1.6666669999999998986	1	4	0	0	1	;
