New Node 	 Old Node
1	1
2	2
3	3
4	4
5	5
6	6
7	7
8	8
9	9
10	10
11	11
12	12
13	13
14	14
15	15
16	16
17	17
18	18
19	19
20	20
21	21
22	22
23	23
24	24
25	25
26	26
27	27
28	28
29	29
30	30
31	31
32	32
33	33
34	34
35	35
36	36
37	37
38	38
39	39
40	40
41	41
42	42
43	43
44	44
45	45
46	46
47	47
48	48
49	49
50	50
51	51
52	52
53	53
54	54
55	55
56	56
57	57
58	58
59	59
60	60
61	61
62	62
63	63
64	64
65	65
66	66
67	67
68	68
69	69
70	70
71	71
72	72
73	73
74	74
75	75
76	76
77	77
78	78
79	79
80	80
81	81
82	82
83	83
84	84
85	85
86	86
87	87
88	88
89	89
90	90
91	91
92	92
93	93
94	94
95	95
96	96
97	97
98	98
99	99
100	100
101	101
102	102
103	103
104	104
105	105
106	106
107	107
108	108
109	109
110	110
111	111
112	112
113	113
114	114
115	115
116	116
117	117
118	118
119	119
120	120
121	121
122	122
123	123
124	124
125	125
126	126
127	127
128	128
129	129
130	130
131	131
132	132
133	133
134	134
135	135
136	136
137	137
138	138
139	139
140	140
141	141
142	142
143	143
144	144
145	145
146	146
147	147
148	148
149	149
150	150
151	151
152	152
153	153
154	154
155	155
156	156
157	157
158	158
159	159
160	160
161	161
162	162
163	163
164	164
165	165
166	166
167	167
168	168
169	169
170	170
171	171
172	172
173	173
174	174
175	175
176	176
177	177
178	178
179	179
180	180
181	181
182	182
183	183
184	184
185	185
186	186
187	187
188	188
189	189
190	190
191	191
192	192
193	193
194	194
195	195
196	196
197	197
198	198
199	199
200	200
201	201
202	202
203	203
204	204
205	205
206	206
207	207
208	208
209	209
210	210
211	211
212	212
213	213
214	214
215	215
216	216
217	217
218	218
219	219
220	220
221	221
222	222
223	223
224	224
225	225
226	226
227	227
228	228
229	229
230	230
231	231
232	232
233	233
234	234
235	235
236	236
237	237
238	238
239	239
240	240
241	241
242	242
243	243
244	244
245	245
246	246
247	247
248	248
249	249
250	250
251	251
252	252
253	253
254	254
255	255
256	256
257	257
258	258
259	259
260	260
261	261
262	262
263	263
264	264
265	265
266	266
267	267
268	268
269	269
270	270
271	271
272	272
273	273
274	274
275	275
276	276
277	277
278	278
279	279
280	280
281	281
282	282
283	283
284	284
285	285
286	286
287	287
288	288
289	289
290	290
291	291
292	292
293	293
294	294
295	295
296	296
297	297
298	298
299	299
300	300
301	301
302	302
303	303
304	304
305	305
306	306
307	307
308	308
309	309
310	310
311	311
312	312
313	313
314	314
315	315
316	316
317	317
318	318
319	319
320	320
321	321
322	322
323	323
324	324
325	325
326	326
327	327
328	328
329	329
330	330
331	331
332	332
333	333
334	334
335	335
336	336
337	337
338	338
339	339
340	340
341	341
342	342
343	343
344	344
345	345
346	346
347	347
348	348
349	349
350	350
351	351
352	352
353	353
354	354
355	355
356	356
357	357
358	358
359	359
360	360
361	361
362	362
363	363
364	364
365	365
366	366
367	367
368	368
369	369
370	370
371	371
372	372
373	373
374	374
375	375
376	376
377	377
378	378
379	379
380	380
381	381
382	382
383	383
384	384
385	385
386	386
387	387
388	388
389	389
390	390
391	391
392	392
393	393
394	394
395	395
396	396
397	397
398	398
399	399
400	400
401	401
402	402
403	403
404	404
405	405
406	406
407	407
408	408
409	409
410	410
411	411
412	412
413	413
414	414
415	415
416	416
417	417
418	418
419	419
420	420
421	421
422	422
423	423
424	424
425	425
426	426
427	427
428	428
429	429
430	430
431	431
432	432
433	433
434	434
435	435
436	436
437	437
438	438
439	439
440	440
441	441
442	442
443	443
444	444
445	445
446	446
447	447
448	448
449	449
450	450
451	451
452	452
453	453
454	454
455	455
456	456
457	457
458	458
459	459
460	460
461	461
462	462
463	463
464	464
465	465
466	466
467	467
468	468
469	469
470	470
471	471
472	472
473	473
474	474
475	475
476	476
477	477
478	478
479	479
480	480
481	481
482	482
483	483
484	484
485	485
486	486
487	487
488	488
489	489
490	490
491	491
492	492
493	493
494	494
495	495
496	496
497	497
498	498
499	499
500	500
501	501
502	502
503	503
504	504
505	505
506	506
507	507
508	508
509	509
510	510
511	511
512	512
513	513
514	514
515	515
516	516
517	517
518	518
519	519
520	520
521	521
522	522
523	523
524	524
525	525
526	526
527	527
528	528
529	529
530	530
531	531
532	532
533	533
534	534
535	535
536	536
537	537
538	538
539	539
540	540
541	541
542	542
543	543
544	544
545	545
546	546
547	547
548	548
549	549
550	550
551	551
552	552
553	553
554	554
555	555
556	556
557	557
558	558
559	559
560	560
561	561
562	562
563	563
564	564
565	565
566	566
567	567
568	568
569	569
570	570
571	571
572	572
573	573
574	574
575	575
576	576
577	577
578	578
579	579
580	580
581	581
582	582
583	583
584	584
585	585
586	586
587	587
588	588
589	589
590	590
591	591
592	592
593	593
594	594
595	595
596	596
597	597
598	598
599	599
600	600
601	601
602	602
603	603
604	604
605	605
606	606
607	607
608	608
609	609
610	610
611	611
612	612
613	613
614	614
615	615
616	616
617	617
618	618
619	619
620	620
621	621
622	622
623	623
624	624
625	625
626	626
627	627
628	628
629	629
630	630
631	631
632	632
633	633
634	634
635	635
636	636
637	637
638	638
639	639
640	640
641	641
642	642
643	643
644	644
645	645
646	646
647	647
648	648
649	649
650	650
651	651
652	652
653	653
654	654
655	655
656	656
657	657
658	658
659	659
660	660
661	661
662	662
663	663
664	664
665	665
666	666
667	667
668	668
669	669
670	670
671	671
672	672
673	673
674	674
675	675
676	676
677	677
678	678
679	679
680	680
681	681
682	682
683	683
684	684
685	685
686	686
687	687
688	688
689	689
690	690
691	691
692	692
693	693
694	694
695	695
696	696
697	697
698	698
699	699
700	700
701	701
702	702
703	703
704	704
705	705
706	706
707	707
708	708
709	709
710	710
711	711
712	712
713	713
714	714
715	715
716	716
717	717
718	718
719	719
720	720
721	721
722	722
723	723
724	724
725	725
726	726
727	727
728	728
729	729
730	730
731	731
732	732
733	733
734	734
735	735
736	736
737	737
738	738
739	739
740	740
741	741
742	742
743	743
744	744
745	745
746	746
747	747
748	748
749	749
750	750
751	751
752	752
753	753
754	754
755	755
756	756
757	757
758	758
759	759
760	760
761	761
762	762
763	763
764	764
765	765
766	766
767	767
768	768
769	769
770	770
771	771
772	772
773	773
774	774
775	775
776	776
777	777
778	778
779	779
780	780
781	781
782	782
783	783
784	784
785	785
786	786
787	787
788	788
789	789
790	790
791	791
792	792
793	793
794	794
795	795
796	796
797	797
798	798
799	799
800	800
801	801
802	802
803	803
804	804
805	805
806	806
807	807
808	808
809	809
810	810
811	811
812	812
813	813
814	814
815	815
816	816
817	817
818	818
819	819
820	820
821	821
822	822
823	823
824	824
825	825
826	826
827	827
828	828
829	829
830	830
831	831
832	832
833	833
834	834
835	835
836	836
837	837
838	838
839	839
840	840
841	841
842	842
843	843
844	844
845	845
846	846
847	847
848	848
849	849
850	850
851	851
852	852
853	853
854	854
855	855
856	856
857	857
858	858
859	859
860	860
861	861
862	862
863	863
864	864
865	865
866	866
867	867
868	868
869	869
870	870
871	871
872	872
873	873
874	874
875	875
876	876
877	877
878	878
879	879
880	880
881	881
882	882
883	883
884	884
885	885
886	886
887	887
888	888
889	889
890	890
891	891
892	892
893	893
894	894
895	895
896	896
897	897
898	898
899	899
900	900
901	901
902	902
903	903
904	904
905	905
906	906
907	907
908	908
909	909
910	910
911	911
912	912
913	913
914	914
915	915
916	916
917	917
918	918
919	919
920	920
921	921
922	922
923	923
924	924
925	925
926	926
927	927
928	928
929	929
930	930
931	931
932	932
933	933
934	934
935	935
936	936
937	937
938	938
939	939
940	940
941	941
942	942
943	943
944	944
945	945
946	946
947	947
948	948
949	949
950	950
951	951
952	952
953	953
954	954
955	955
956	956
957	957
958	958
959	959
960	960
961	961
962	962
963	963
964	964
965	965
966	966
967	967
968	968
969	969
970	970
971	971
972	972
973	973
974	974
975	975
976	976
977	977
978	978
979	979
980	980
981	981
982	982
983	983
984	984
985	985
986	986
987	987
988	988
989	989
990	990
991	991
992	992
993	993
994	994
995	995
996	996
997	997
998	998
999	999
1000	1000
1001	1001
1002	1002
1003	1003
1004	1004
1005	1005
1006	1006
1007	1007
1008	1008
1009	1009
1010	1010
1011	1011
1012	1012
1013	1013
1014	1014
1015	1015
1016	1016
1017	1017
1018	1018
1019	1019
1020	1020
1021	1021
1022	1022
1023	1023
1024	1024
1025	1025
1026	1026
1027	1027
1028	1028
1029	1029
1030	1030
1031	1031
1032	1032
1033	1033
1034	1034
1035	1035
1036	1036
1037	1037
1038	1038
1039	1039
1040	1040
1041	1041
1042	1042
1043	1043
1044	1044
1045	1045
1046	1046
1047	1047
1048	1048
1049	1049
1050	1050
1051	1051
1052	1052
1053	1053
1054	1054
1055	1055
1056	1056
1057	1057
1058	1058
1059	1059
1060	1060
1061	1061
1062	1062
1063	1063
1064	1064
1065	1065
1066	1066
1067	1067
1068	1068
1069	1069
1070	1070
1071	1071
1072	1072
1073	1073
1074	1074
1075	1075
1076	1076
1077	1077
1078	1078
1079	1079
1080	1080
1081	1081
1082	1082
1083	1083
1084	1084
1085	1085
1086	1086
1087	1087
1088	1088
1089	1089
1090	1090
1091	1091
1092	1092
1093	1093
1094	1094
1095	1095
1096	1096
1097	1097
1098	1098
1099	1099
1100	1100
1101	1101
1102	1102
1103	1103
1104	1104
1105	1105
1106	1106
1107	1107
1108	1108
1109	1109
1110	1110
1111	1111
1112	1112
1113	1113
1114	1114
1115	1115
1116	1116
1117	1117
1118	1118
1119	1119
1120	1120
1121	1121
1122	1122
1123	1123
1124	1124
1125	1125
1126	1126
1127	1127
1128	1128
1129	1129
1130	1130
1131	1131
1132	1132
1133	1133
1134	1134
1135	1135
1136	1136
1137	1137
1138	1138
1139	1139
1140	1140
1141	1141
1142	1142
1143	1143
1144	1144
1145	1145
1146	1146
1147	1147
1148	1148
1149	1149
1150	1150
1151	1151
1152	1152
1153	1153
1154	1154
1155	1155
1156	1156
1157	1157
1158	1158
1159	1159
1160	1160
1161	1161
1162	1162
1163	1163
1164	1164
1165	1165
1166	1166
1167	1167
1168	1168
1169	1169
1170	1170
1171	1171
1172	1172
1173	1173
1174	1174
1175	1175
1176	1176
1177	1177
1178	1178
1179	1179
1180	1180
1181	1181
1182	1182
1183	1183
1184	1184
1185	1185
1186	1186
1187	1187
1188	1188
1189	1189
1190	1190
1191	1191
1192	1192
1193	1193
1194	1194
1195	1195
1196	1196
1197	1197
1198	1198
1199	1199
1200	1200
1201	1201
1202	1202
1203	1203
1204	1204
1205	1205
1206	1206
1207	1207
1208	1208
1209	1209
1210	1210
1211	1211
1212	1212
1213	1213
1214	1214
1215	1215
1216	1216
1217	1217
1218	1218
1219	1219
1220	1220
1221	1221
1222	1222
1223	1223
1224	1224
1225	1225
1226	1226
1227	1227
1228	1228
1229	1229
1230	1230
1231	1231
1232	1232
1233	1233
1234	1234
1235	1235
1236	1236
1237	1237
1238	1238
1239	1239
1240	1240
1241	1241
1242	1242
1243	1243
1244	1244
1245	1245
1246	1246
1247	1247
1248	1248
1249	1249
1250	1250
1251	1251
1252	1252
1253	1253
1254	1254
1255	1255
1256	1256
1257	1257
1258	1258
1259	1259
1260	1260
1261	1261
1262	1262
1263	1263
1264	1264
1265	1265
1266	1266
1267	1267
1268	1268
1269	1269
1270	1270
1271	1271
1272	1272
1273	1273
1274	1274
1275	1275
1276	1276
1277	1277
1278	1278
1279	1279
1280	1280
1281	1281
1282	1282
1283	1283
1284	1284
1285	1285
1286	1286
1287	1287
1288	1288
1289	1289
1290	1290
1291	1291
1292	1292
1293	1293
1294	1294
1295	1295
1296	1296
1297	1297
1298	1298
1299	1299
1300	1300
1301	1301
1302	1302
1303	1303
1304	1304
1305	1305
1306	1306
1307	1307
1308	1308
1309	1309
1310	1310
1311	1311
1312	1312
1313	1313
1314	1314
1315	1315
1316	1316
1317	1317
1318	1318
1319	1319
1320	1320
1321	1321
1322	1322
1323	1323
1324	1324
1325	1325
1326	1326
1327	1327
1328	1328
1329	1329
1330	1330
1331	1331
1332	1332
1333	1333
1334	1334
1335	1335
1336	1336
1337	1337
1338	1338
1339	1339
1340	1340
1341	1341
1342	1342
1343	1343
1344	1344
1345	1345
1346	1346
1347	1347
1348	1348
1349	1349
1350	1350
1351	1351
1352	1352
1353	1353
1354	1354
1355	1355
1356	1356
1357	1357
1358	1358
1359	1359
1360	1360
1361	1361
1362	1362
1363	1363
1364	1364
1365	1365
1366	1366
1367	1367
1368	1368
1369	1369
1370	1370
1371	1371
1372	1372
1373	1373
1374	1374
1375	1375
1376	1376
1377	1377
1378	1378
1379	1379
1380	1380
1381	1381
1382	1382
1383	1383
1384	1384
1385	1385
1386	1386
1387	1387
1388	1388
1389	1389
1390	1390
1391	1391
1392	1392
1393	1393
1394	1394
1395	1395
1396	1396
1397	1397
1398	1398
1399	1399
1400	1400
1401	1401
1402	1402
1403	1403
1404	1404
1405	1405
1406	1406
1407	1407
1408	1408
1409	1409
1410	1410
1411	1411
1412	1412
1413	1413
1414	1414
1415	1415
1416	1416
1417	1417
1418	1418
1419	1419
1420	1420
1421	1421
1422	1422
1423	1423
1424	1424
1425	1425
1426	1426
1427	1427
1428	1428
1429	1429
1430	1430
1431	1431
1432	1432
1433	1433
1434	1434
1435	1435
1436	1436
1437	1437
1438	1438
1439	1439
1440	1440
1441	1441
1442	1442
1443	1443
1444	1444
1445	1445
1446	1446
1447	1447
1448	1448
1449	1449
1450	1450
1451	1451
1452	1452
1453	1453
1454	1454
1455	1455
1456	1456
1457	1457
1458	1458
1459	1459
1460	1460
1461	1461
1462	1462
1463	1463
1464	1464
1465	1465
1466	1466
1467	1467
1468	1468
1469	1469
1470	1470
1471	1471
1472	1472
1473	1473
1474	1474
1475	1475
1476	1476
1477	1477
1478	1478
1479	1479
1480	1480
1481	1481
1482	1482
1483	1483
1484	1484
1485	1485
1486	1486
1487	1487
1488	1488
1489	1489
1490	1490
1491	1491
1492	1492
1493	1493
1494	1494
1495	1495
1496	1496
1497	1497
1498	1498
1499	1499
1500	1500
1501	1501
1502	1502
1503	1503
1504	1504
1505	1505
1506	1506
1507	1507
1508	1508
1509	1509
1510	1510
1511	1511
1512	1512
1513	1513
1514	1514
1515	1515
1516	1516
1517	1517
1518	1518
1519	1519
1520	1520
1521	1521
1522	1522
1523	1523
1524	1524
1525	1525
1526	1526
1527	1527
1528	1528
1529	1529
1530	1530
1531	1531
1532	1532
1533	1533
1534	1534
1535	1535
1536	1536
1537	1537
1538	1538
1539	1539
1540	1540
1541	1541
1542	1542
1543	1543
1544	1544
1545	1545
1546	1546
1547	1547
1548	1548
1549	1549
1550	1550
1551	1551
1552	1552
1553	1553
1554	1554
1555	1555
1556	1556
1557	1557
1558	1558
1559	1559
1560	1560
1561	1561
1562	1562
1563	1563
1564	1564
1565	1565
1566	1566
1567	1567
1568	1568
1569	1569
1570	1570
1571	1571
1572	1572
1573	1573
1574	1574
1575	1575
1576	1576
1577	1577
1578	1578
1579	1579
1580	1580
1581	1581
1582	1582
1583	1583
1584	1584
1585	1585
1586	1586
1587	1587
1588	1588
1589	1589
1590	1590
1591	1591
1592	1592
1593	1593
1594	1594
1595	1595
1596	1596
1597	1597
1598	1598
1599	1599
1600	1600
1601	1601
1602	1602
1603	1603
1604	1604
1605	1605
1606	1606
1607	1607
1608	1608
1609	1609
1610	1610
1611	1611
1612	1612
1613	1613
1614	1614
1615	1615
1616	1616
1617	1617
1618	1618
1619	1619
1620	1620
1621	1621
1622	1622
1623	1623
1624	1624
1625	1625
1626	1626
1627	1627
1628	1628
1629	1629
1630	1630
1631	1631
1632	1632
1633	1633
1634	1634
1635	1635
1636	1636
1637	1637
1638	1638
1639	1639
1640	1640
1641	1641
1642	1642
1643	1643
1644	1644
1645	1645
1646	1646
1647	1647
1648	1648
1649	1649
1650	1650
1651	1651
1652	1652
1653	1653
1654	1654
1655	1655
1656	1656
1657	1657
1658	1658
1659	1659
1660	1660
1661	1661
1662	1662
1663	1663
1664	1664
1665	1665
1666	1666
1667	1667
1668	1668
1669	1669
1670	1670
1671	1671
1672	1672
1673	1673
1674	1674
1675	1675
1676	1676
1677	1677
1678	1678
1679	1679
1680	1680
1681	1681
1682	1682
1683	1683
1684	1684
1685	1685
1686	1686
1687	1687
1688	1688
1689	1689
1690	1690
1691	1691
1692	1692
1693	1693
1694	1694
1695	1695
1696	1696
1697	1697
1698	1698
1699	1699
1700	1700
1701	1701
1702	1702
1703	1703
1704	1704
1705	1705
1706	1706
1707	1707
1708	1708
1709	1709
1710	1710
1711	1711
1712	1712
1713	1713
1714	1714
1715	1715
1716	1716
1717	1717
1718	1718
1719	1719
1720	1720
1721	1721
1722	1722
1723	1723
1724	1724
1725	1725
1726	1726
1727	1727
1728	1728
1729	1729
1730	1730
1731	1731
1732	1732
1733	1733
1734	1734
1735	1735
1736	1736
1737	1737
1738	1738
1739	1739
1740	1740
1741	1741
1742	1742
1743	1743
1744	1744
1745	1745
1746	1746
1747	1747
1748	1748
1749	1749
1750	1750
1751	1751
1752	1752
1753	1753
1754	1754
1755	1755
1756	1756
1757	1757
1758	1758
1759	1759
1760	1760
1761	1761
1762	1762
1763	1763
1764	1764
1765	1765
1766	1766
1767	1767
1768	1768
1769	1769
1770	1770
1771	1771
1772	1772
1773	1773
1774	1774
1775	1775
1776	1776
1777	1777
1778	1778
1779	1779
1780	1780
1781	1781
1782	1782
1783	1783
1784	1784
1785	1785
1786	1786
1787	1787
1788	1788
1789	1789
1790	1790
1791	1791
1792	1792
1793	1793
1794	1794
1795	1795
1796	1796
1797	1797
1798	1798
1799	1799
1800	1800
1801	1801
1802	1802
1803	1803
1804	1804
1805	1805
1806	1806
1807	1807
1808	1808
1809	1809
1810	1810
1811	1811
1812	1812
1813	1813
1814	1814
1815	1815
1816	1816
1817	1817
1818	1818
1819	1819
1820	1820
1821	1821
1822	1822
1823	1823
1824	1824
1825	1825
1826	1826
1827	1827
1828	1828
1829	1829
1830	1830
1831	1831
1832	1832
1833	1833
1834	1834
1835	1835
1836	1836
1837	1837
1838	1838
1839	1839
1840	1840
1841	1841
1842	1842
1843	1843
1844	1844
1845	1845
1846	1846
1847	1847
1848	1848
1849	1849
1850	1850
1851	1851
1852	1852
1853	1853
1854	1854
1855	1855
1856	1856
1857	1857
1858	1858
1859	1859
1860	1860
1861	1861
1862	1862
1863	1863
1864	1864
1865	1865
1866	1866
1867	1867
1868	1868
1869	1869
1870	1870
1871	1871
1872	1872
1873	1873
1874	1874
1875	1875
1876	1876
1877	1877
1878	1878
1879	1879
1880	1880
1881	1881
1882	1882
1883	1883
1884	1884
1885	1885
1886	1886
1887	1887
1888	1888
1889	1889
1890	1890
1891	1891
1892	1892
1893	1893
1894	1894
1895	1895
1896	1896
1897	1897
1898	1898
1899	1899
1900	1900
1901	1901
1902	1902
1903	1903
1904	1904
1905	1905
1906	1906
1907	1907
1908	1908
1909	1909
1910	1910
1911	1911
1912	1912
1913	1913
1914	1914
1915	1915
1916	1916
1917	1917
1918	1918
1919	1919
1920	1920
1921	1921
1922	1922
1923	1923
1924	1924
1925	1925
1926	1926
1927	1927
1928	1928
1929	1929
1930	1930
1931	1931
1932	1932
1933	1933
1934	1934
1935	1935
1936	1936
1937	1937
1938	1938
1939	1939
1940	1940
1941	1941
1942	1942
1943	1943
1944	1944
1945	1945
1946	1946
1947	1947
1948	1948
1949	1949
1950	1950
1951	1951
1952	1952
1953	1953
1954	1954
1955	1955
1956	1956
1957	1957
1958	1958
1959	1959
1960	1960
1961	1961
1962	1962
1963	1963
1964	1964
1965	1965
1966	1966
1967	1967
1968	1968
1969	1969
1970	1970
1971	1971
1972	1972
1973	1973
1974	1974
1975	1975
1976	1976
1977	1977
1978	1978
1979	1979
1980	1980
1981	1981
1982	1982
1983	1983
1984	1984
1985	1985
1986	1986
1987	1987
1988	1988
1989	1989
1990	1990
1991	1991
1992	1992
1993	1993
1994	1994
1995	1995
1996	1996
1997	1997
1998	1998
1999	1999
2000	2000
2001	2001
2002	2002
2003	2003
2004	2004
2005	2005
2006	2006
2007	2007
2008	2008
2009	2009
2010	2010
2011	2011
2012	2012
2013	2013
2014	2014
2015	2015
2016	2016
2017	2017
2018	2018
2019	2019
2020	2020
2021	2021
2022	2022
2023	2023
2024	2024
2025	2025
2026	2026
2027	2027
2028	2028
2029	2029
2030	2030
2031	2031
2032	2032
2033	2033
2034	2034
2035	2035
2036	2036
2037	2037
2038	2038
2039	2039
2040	2040
2041	2041
2042	2042
2043	2043
2044	2044
2045	2045
2046	2046
2047	2047
2048	2048
2049	2049
2050	2050
2051	2051
2052	2052
2053	2053
2054	2054
2055	2055
2056	2056
2057	2057
2058	2058
2059	2060
2060	2062
2061	2063
2062	2065
2063	2067
2064	2070
2065	2071
2066	2074
2067	2076
2068	2083
2069	2084
2070	2085
2071	2086
2072	2087
2073	2088
2074	2089
2075	2090
2076	2091
2077	2092
2078	2093
2079	2094
2080	2095
2081	2096
2082	2097
2083	2098
2084	2099
2085	2100
2086	2101
2087	2102
2088	2103
2089	2104
2090	2105
2091	2106
2092	2107
2093	2108
2094	2109
2095	2110
2096	2111
2097	2112
2098	2113
2099	2114
2100	2115
2101	2116
2102	2117
2103	2118
2104	2119
2105	2120
2106	2121
2107	2122
2108	2123
2109	2124
2110	2125
2111	2126
2112	2127
2113	2128
2114	2129
2115	2130
2116	2131
2117	2132
2118	2133
2119	2134
2120	2135
2121	2136
2122	2137
2123	2138
2124	2139
2125	2140
2126	2141
2127	2142
2128	2143
2129	2144
2130	2145
2131	2146
2132	2147
2133	2148
2134	2149
2135	2150
2136	2151
2137	2152
2138	2153
2139	2154
2140	2155
2141	2156
2142	2157
2143	2158
2144	2159
2145	2160
2146	2161
2147	2162
2148	2163
2149	2164
2150	2165
2151	2166
2152	2167
2153	2168
2154	2169
2155	2170
2156	2171
2157	2172
2158	2173
2159	2174
2160	2175
2161	2176
2162	2177
2163	2178
2164	2179
2165	2180
2166	2181
2167	2182
2168	2183
2169	2184
2170	2185
2171	2186
2172	2187
2173	2188
2174	2189
2175	2190
2176	2191
2177	2192
2178	2193
2179	2194
2180	2195
2181	2196
2182	2197
2183	2198
2184	2199
2185	2200
2186	2201
2187	2202
2188	2203
2189	2204
2190	2205
2191	2206
2192	2207
2193	2208
2194	2209
2195	2210
2196	2211
2197	2212
2198	2213
2199	2214
2200	2215
2201	2216
2202	2217
2203	2218
2204	2219
2205	2220
2206	2221
2207	2222
2208	2223
2209	2224
2210	2225
2211	2226
2212	2227
2213	2228
2214	2229
2215	2230
2216	2231
2217	2232
2218	2233
2219	2234
2220	2235
2221	2236
2222	2237
2223	2238
2224	2239
2225	2240
2226	2241
2227	2242
2228	2243
2229	2244
2230	2245
2231	2246
2232	2247
2233	2248
2234	2249
2235	2250
2236	2251
2237	2252
2238	2253
2239	2254
2240	2255
2241	2256
2242	2257
2243	2258
2244	2259
2245	2260
2246	2261
2247	2262
2248	2263
2249	2264
2250	2265
2251	2266
2252	2267
2253	2268
2254	2269
2255	2270
2256	2271
2257	2272
2258	2273
2259	2274
2260	2275
2261	2276
2262	2277
2263	2278
2264	2279
2265	2280
2266	2281
2267	2282
2268	2283
2269	2284
2270	2285
2271	2286
2272	2287
2273	2288
2274	2289
2275	2290
2276	2291
2277	2292
2278	2293
2279	2294
2280	2295
2281	2296
2282	2297
2283	2298
2284	2299
2285	2300
2286	2301
2287	2302
2288	2303
2289	2304
2290	2305
2291	2306
2292	2307
2293	2308
2294	2309
2295	2310
2296	2311
2297	2312
2298	2313
2299	2314
2300	2315
2301	2316
2302	2317
2303	2318
2304	2319
2305	2320
2306	2321
2307	2322
2308	2323
2309	2324
2310	2325
2311	2326
2312	2327
2313	2328
2314	2329
2315	2330
2316	2331
2317	2332
2318	2333
2319	2334
2320	2335
2321	2336
2322	2337
2323	2338
2324	2339
2325	2340
2326	2341
2327	2342
2328	2343
2329	2344
2330	2345
2331	2346
2332	2347
2333	2348
2334	2349
2335	2350
2336	2351
2337	2352
2338	2353
2339	2354
2340	2355
2341	2356
2342	2357
2343	2358
2344	2359
2345	2360
2346	2361
2347	2362
2348	2363
2349	2364
2350	2365
2351	2366
2352	2367
2353	2368
2354	2369
2355	2370
2356	2371
2357	2372
2358	2373
2359	2374
2360	2375
2361	2376
2362	2377
2363	2378
2364	2379
2365	2380
2366	2381
2367	2382
2368	2383
2369	2384
2370	2385
2371	2386
2372	2387
2373	2388
2374	2389
2375	2390
2376	2391
2377	2392
2378	2393
2379	2394
2380	2395
2381	2396
2382	2397
2383	2398
2384	2399
2385	2400
2386	2401
2387	2402
2388	2403
2389	2404
2390	2405
2391	2406
2392	2407
2393	2408
2394	2409
2395	2410
2396	2411
2397	2412
2398	2413
2399	2414
2400	2415
2401	2416
2402	2417
2403	2418
2404	2419
2405	2420
2406	2421
2407	2422
2408	2423
2409	2424
2410	2425
2411	2426
2412	2427
2413	2428
2414	2429
2415	2430
2416	2431
2417	2432
2418	2433
2419	2434
2420	2435
2421	2436
2422	2437
2423	2438
2424	2439
2425	2440
2426	2441
2427	2442
2428	2443
2429	2444
2430	2445
2431	2446
2432	2447
2433	2448
2434	2449
2435	2450
2436	2451
2437	2452
2438	2453
2439	2454
2440	2455
2441	2456
2442	2457
2443	2458
2444	2459
2445	2460
2446	2461
2447	2462
2448	2463
2449	2464
2450	2465
2451	2466
2452	2467
2453	2468
2454	2469
2455	2470
2456	2471
2457	2472
2458	2473
2459	2474
2460	2475
2461	2476
2462	2477
2463	2478
2464	2479
2465	2480
2466	2481
2467	2482
2468	2483
2469	2484
2470	2485
2471	2486
2472	2487
2473	2488
2474	2489
2475	2490
2476	2491
2477	2492
2478	2493
2479	2494
2480	2495
2481	2496
2482	2497
2483	2498
2484	2499
2485	2500
2486	2501
2487	2502
2488	2503
2489	2504
2490	2505
2491	2506
2492	2507
2493	2508
2494	2509
2495	2510
2496	2511
2497	2512
2498	2513
2499	2514
2500	2515
2501	2516
2502	2517
2503	2518
2504	2519
2505	2520
2506	2521
2507	2522
2508	2523
2509	2524
2510	2525
2511	2526
2512	2527
2513	2528
2514	2529
2515	2530
2516	2531
2517	2532
2518	2533
2519	2534
2520	2535
2521	2538
2522	2540
2523	2541
2524	2542
2525	2543
2526	2544
2527	2546
2528	2547
2529	2548
2530	2549
2531	2550
2532	2551
2533	2552
2534	2553
2535	2554
2536	2555
2537	2556
2538	2557
2539	2558
2540	2559
2541	2560
2542	2561
2543	2562
2544	2563
2545	2564
2546	2565
2547	2566
2548	2567
2549	2568
2550	2569
2551	2570
2552	2571
2553	2572
2554	2573
2555	2574
2556	2575
2557	2576
2558	2577
2559	2578
2560	2579
2561	2580
2562	2581
2563	2582
2564	2583
2565	2584
2566	2585
2567	2586
2568	2587
2569	2588
2570	2589
2571	2590
2572	2591
2573	2592
2574	2593
2575	2594
2576	2595
2577	2596
2578	2597
2579	2598
2580	2599
2581	2600
2582	2601
2583	2602
2584	2603
2585	2604
2586	2605
2587	2606
2588	2607
2589	2608
2590	2609
2591	2610
2592	2611
2593	2612
2594	2613
2595	2614
2596	2615
2597	2616
2598	2617
2599	2618
2600	2619
2601	2620
2602	2621
2603	2622
2604	2623
2605	2624
2606	2625
2607	2626
2608	2627
2609	2628
2610	2629
2611	2630
2612	2631
2613	2632
2614	2633
2615	2634
2616	2635
2617	2636
2618	2637
2619	2638
2620	2639
2621	2640
2622	2641
2623	2642
2624	2643
2625	2644
2626	2645
2627	2646
2628	2647
2629	2648
2630	2649
2631	2650
2632	2651
2633	2652
2634	2653
2635	2654
2636	2655
2637	2656
2638	2657
2639	2658
2640	2659
2641	2660
2642	2661
2643	2662
2644	2663
2645	2664
2646	2665
2647	2666
2648	2667
2649	2668
2650	2669
2651	2670
2652	2671
2653	2672
2654	2673
2655	2674
2656	2675
2657	2676
2658	2677
2659	2678
2660	2679
2661	2680
2662	2681
2663	2682
2664	2683
2665	2684
2666	2685
2667	2686
2668	2687
2669	2688
2670	2689
2671	2690
2672	2691
2673	2692
2674	2693
2675	2694
2676	2695
2677	2696
2678	2697
2679	2698
2680	2699
2681	2700
2682	2701
2683	2702
2684	2703
2685	2704
2686	2705
2687	2706
2688	2707
2689	2708
2690	2709
2691	2710
2692	2711
2693	2712
2694	2713
2695	2714
2696	2715
2697	2716
2698	2717
2699	2718
2700	2719
2701	2720
2702	2721
2703	2722
2704	2723
2705	2724
2706	2725
2707	2726
2708	2727
2709	2728
2710	2729
2711	2730
2712	2731
2713	2732
2714	2733
2715	2734
2716	2735
2717	2736
2718	2737
2719	2738
2720	2739
2721	2740
2722	2741
2723	2742
2724	2743
2725	2744
2726	2745
2727	2746
2728	2747
2729	2748
2730	2749
2731	2750
2732	2751
2733	2752
2734	2753
2735	2754
2736	2755
2737	2756
2738	2757
2739	2758
2740	2759
2741	2760
2742	2761
2743	2762
2744	2763
2745	2764
2746	2765
2747	2766
2748	2767
2749	2768
2750	2769
2751	2770
2752	2771
2753	2772
2754	2773
2755	2774
2756	2775
2757	2776
2758	2777
2759	2778
2760	2779
2761	2780
2762	2781
2763	2782
2764	2783
2765	2784
2766	2785
2767	2786
2768	2787
2769	2788
2770	2789
2771	2790
2772	2791
2773	2792
2774	2793
2775	2794
2776	2795
2777	2796
2778	2797
2779	2798
2780	2799
2781	2800
2782	2801
2783	2802
2784	2803
2785	2804
2786	2805
2787	2806
2788	2807
2789	2808
2790	2809
2791	2810
2792	2811
2793	2812
2794	2813
2795	2814
2796	2815
2797	2816
2798	2817
2799	2818
2800	2819
2801	2820
2802	2821
2803	2822
2804	2823
2805	2824
2806	2825
2807	2826
2808	2827
2809	2828
2810	2829
2811	2830
2812	2831
2813	2832
2814	2833
2815	2834
2816	2835
2817	2836
2818	2837
2819	2838
2820	2839
2821	2840
2822	2841
2823	2842
2824	2843
2825	2844
2826	2845
2827	2846
2828	2847
2829	2848
2830	2849
2831	2850
2832	2851
2833	2852
2834	2853
2835	2854
2836	2855
2837	2856
2838	2857
2839	2858
2840	2859
2841	2860
2842	2861
2843	2862
2844	2863
2845	2864
2846	2865
2847	2866
2848	2867
2849	2868
2850	2869
2851	2870
2852	2871
2853	2872
2854	2873
2855	2874
2856	2875
2857	2876
2858	2877
2859	2878
2860	2879
2861	2880
2862	2881
2863	2882
2864	2883
2865	2884
2866	2885
2867	2886
2868	2887
2869	2888
2870	2889
2871	2890
2872	2891
2873	2892
2874	2893
2875	2894
2876	2895
2877	2896
2878	2897
2879	2898
2880	2899
2881	2900
2882	2901
2883	2902
2884	2903
2885	2904
2886	2905
2887	2906
2888	2907
2889	2908
2890	2909
2891	2910
2892	2911
2893	2912
2894	2913
2895	2914
2896	2915
2897	2916
2898	2917
2899	2918
2900	2919
2901	2920
2902	2921
2903	2922
2904	2923
2905	2924
2906	2925
2907	2926
2908	2927
2909	2928
2910	2929
2911	2930
2912	2931
2913	2932
2914	2933
2915	2934
2916	2935
2917	2936
2918	2937
2919	2938
2920	2939
2921	2940
2922	2941
2923	2942
2924	2943
2925	2944
2926	2945
2927	2946
2928	2947
2929	2948
2930	2949
2931	2950
2932	2951
2933	2952
2934	2953
2935	2954
2936	2955
2937	2956
2938	2957
2939	2958
2940	2959
2941	2960
2942	2961
2943	2962
2944	2963
2945	2964
2946	2965
2947	2966
2948	2967
2949	2968
2950	2969
2951	2970
2952	2971
2953	2972
2954	2973
2955	2974
2956	2975
2957	2976
2958	2977
2959	2978
2960	2979
2961	2980
2962	2981
2963	2982
2964	2983
2965	2984
2966	2985
2967	2986
2968	2987
2969	2988
2970	2989
2971	2990
2972	2991
2973	2992
2974	2993
2975	2994
2976	2995
2977	2996
2978	2997
2979	2998
2980	2999
2981	3000
2982	3001
2983	3002
2984	3003
2985	3004
2986	3005
2987	3006
2988	3007
2989	3008
2990	3009
2991	3010
2992	3011
2993	3012
2994	3013
2995	3014
2996	3015
2997	3016
2998	3017
2999	3018
3000	3019
3001	3020
3002	3021
3003	3022
3004	3023
3005	3024
3006	3025
3007	3026
3008	3027
3009	3028
3010	3029
3011	3030
3012	3031
3013	3032
3014	3033
3015	3034
3016	3035
3017	3036
3018	3037
3019	3038
3020	3039
3021	3040
3022	3041
3023	3042
3024	3043
3025	3044
3026	3045
3027	3046
3028	3047
3029	3048
3030	3049
3031	3050
3032	3051
3033	3052
3034	3053
3035	3054
3036	3055
3037	3056
3038	3057
3039	3058
3040	3059
3041	3060
3042	3061
3043	3062
3044	3063
3045	3064
3046	3065
3047	3066
3048	3067
3049	3068
3050	3069
3051	3070
3052	3071
3053	3072
3054	3073
3055	3074
3056	3075
3057	3076
3058	3077
3059	3078
3060	3079
3061	3080
3062	3081
3063	3082
3064	3083
3065	3084
3066	3085
3067	3086
3068	3087
3069	3088
3070	3089
3071	3090
3072	3091
3073	3092
3074	3093
3075	3094
3076	3095
3077	3096
3078	3097
3079	3098
3080	3099
3081	3100
3082	3101
3083	3102
3084	3103
3085	3104
3086	3105
3087	3106
3088	3107
3089	3108
3090	3109
3091	3110
3092	3111
3093	3112
3094	3113
3095	3114
3096	3115
3097	3116
3098	3117
3099	3118
3100	3119
3101	3120
3102	3121
3103	3122
3104	3123
3105	3124
3106	3125
3107	3126
3108	3127
3109	3128
3110	3129
3111	3130
3112	3131
3113	3132
3114	3133
3115	3134
3116	3135
3117	3136
3118	3137
3119	3138
3120	3139
3121	3140
3122	3141
3123	3142
3124	3143
3125	3144
3126	3145
3127	3146
3128	3147
3129	3148
3130	3149
3131	3150
3132	3151
3133	3152
3134	3153
3135	3154
3136	3155
3137	3156
3138	3157
3139	3158
3140	3159
3141	3160
3142	3161
3143	3162
3144	3163
3145	3164
3146	3165
3147	3166
3148	3167
3149	3168
3150	3169
3151	3170
3152	3171
3153	3172
3154	3173
3155	3174
3156	3175
3157	3176
3158	3177
3159	3178
3160	3179
3161	3180
3162	3181
3163	3182
3164	3183
3165	3184
3166	3185
3167	3186
3168	3187
3169	3188
3170	3189
3171	3190
3172	3191
3173	3192
3174	3193
3175	3194
3176	3195
3177	3196
3178	3197
3179	3198
3180	3199
3181	3200
3182	3201
3183	3202
3184	3203
3185	3204
3186	3205
3187	3206
3188	3207
3189	3208
3190	3209
3191	3210
3192	3211
3193	3212
3194	3213
3195	3214
3196	3215
3197	3216
3198	3217
3199	3218
3200	3219
3201	3220
3202	3221
3203	3222
3204	3223
3205	3224
3206	3225
3207	3226
3208	3227
3209	3228
3210	3229
3211	3230
3212	3231
3213	3232
3214	3233
3215	3234
3216	3235
3217	3236
3218	3237
3219	3238
3220	3239
3221	3240
3222	3241
3223	3242
3224	3243
3225	3244
3226	3245
3227	3246
3228	3247
3229	3248
3230	3249
3231	3250
3232	3251
3233	3252
3234	3253
3235	3254
3236	3255
3237	3256
3238	3257
3239	3258
3240	3259
3241	3260
3242	3261
3243	3262
3244	3263
3245	3264
3246	3265
3247	3266
3248	3267
3249	3268
3250	3269
3251	3270
3252	3271
3253	3272
3254	3273
3255	3274
3256	3275
3257	3276
3258	3277
3259	3278
3260	3279
3261	3280
3262	3281
3263	3282
3264	3283
3265	3284
3266	3285
3267	3286
3268	3287
3269	3288
3270	3289
3271	3290
3272	3291
3273	3292
3274	3293
3275	3294
3276	3295
3277	3296
3278	3297
3279	3298
3280	3299
3281	3300
3282	3301
3283	3302
3284	3303
3285	3304
3286	3305
3287	3306
3288	3307
3289	3308
3290	3309
3291	3310
3292	3311
3293	3312
3294	3313
3295	3314
3296	3315
3297	3316
3298	3317
3299	3318
3300	3319
3301	3320
3302	3321
3303	3322
3304	3323
3305	3324
3306	3325
3307	3326
3308	3327
3309	3328
3310	3329
3311	3330
3312	3331
3313	3332
3314	3333
3315	3334
3316	3335
3317	3336
3318	3337
3319	3338
3320	3339
3321	3340
3322	3341
3323	3342
3324	3343
3325	3344
3326	3345
3327	3346
3328	3347
3329	3348
3330	3349
3331	3350
3332	3351
3333	3352
3334	3353
3335	3354
3336	3355
3337	3356
3338	3357
3339	3358
3340	3359
3341	3360
3342	3361
3343	3362
3344	3363
3345	3364
3346	3365
3347	3366
3348	3367
3349	3368
3350	3369
3351	3370
3352	3371
3353	3372
3354	3373
3355	3374
3356	3375
3357	3376
3358	3377
3359	3378
3360	3379
3361	3380
3362	3381
3363	3382
3364	3383
3365	3384
3366	3385
3367	3386
3368	3387
3369	3388
3370	3389
3371	3390
3372	3391
3373	3392
3374	3393
3375	3394
3376	3395
3377	3396
3378	3397
3379	3398
3380	3399
3381	3400
3382	3401
3383	3402
3384	3403
3385	3404
3386	3405
3387	3406
3388	3407
3389	3408
3390	3409
3391	3410
3392	3411
3393	3412
3394	3413
3395	3414
3396	3415
3397	3416
3398	3417
3399	3418
3400	3419
3401	3420
3402	3421
3403	3422
3404	3423
3405	3424
3406	3425
3407	3426
3408	3427
3409	3428
3410	3429
3411	3430
3412	3431
3413	3432
3414	3433
3415	3434
3416	3435
3417	3436
3418	3437
3419	3438
3420	3439
3421	3440
3422	3441
3423	3442
3424	3443
3425	3444
3426	3445
3427	3446
3428	3447
3429	3448
3430	3449
3431	3450
3432	3451
3433	3452
3434	3453
3435	3454
3436	3455
3437	3457
3438	3458
3439	3459
3440	3460
3441	3461
3442	3462
3443	3463
3444	3464
3445	3465
3446	3466
3447	3467
3448	3468
3449	3469
3450	3470
3451	3471
3452	3472
3453	3473
3454	3474
3455	3475
3456	3476
3457	3477
3458	3478
3459	3479
3460	3480
3461	3481
3462	3482
3463	3483
3464	3484
3465	3485
3466	3486
3467	3487
3468	3488
3469	3489
3470	3490
3471	3491
3472	3492
3473	3493
3474	3494
3475	3495
3476	3496
3477	3497
3478	3498
3479	3499
3480	3500
3481	3501
3482	3502
3483	3503
3484	3504
3485	3505
3486	3506
3487	3507
3488	3508
3489	3509
3490	3510
3491	3511
3492	3512
3493	3513
3494	3514
3495	3515
3496	3516
3497	3517
3498	3518
3499	3519
3500	3520
3501	3521
3502	3522
3503	3523
3504	3524
3505	3525
3506	3526
3507	3527
3508	3528
3509	3529
3510	3530
3511	3531
3512	3532
3513	3533
3514	3534
3515	3535
3516	3536
3517	3537
3518	3538
3519	3539
3520	3540
3521	3541
3522	3542
3523	3543
3524	3544
3525	3545
3526	3546
3527	3547
3528	3548
3529	3549
3530	3550
3531	3551
3532	3552
3533	3553
3534	3554
3535	3555
3536	3556
3537	3557
3538	3558
3539	3559
3540	3560
3541	3561
3542	3562
3543	3563
3544	3564
3545	3565
3546	3566
3547	3567
3548	3568
3549	3569
3550	3570
3551	3571
3552	3572
3553	3573
3554	3574
3555	3575
3556	3576
3557	3577
3558	3578
3559	3579
3560	3580
3561	3581
3562	3582
3563	3583
3564	3584
3565	3585
3566	3586
3567	3587
3568	3588
3569	3589
3570	3590
3571	3591
3572	3592
3573	3593
3574	3594
3575	3595
3576	3596
3577	3597
3578	3598
3579	3599
3580	3600
3581	3601
3582	3602
3583	3603
3584	3604
3585	3605
3586	3606
3587	3607
3588	3608
3589	3609
3590	3610
3591	3611
3592	3612
3593	3613
3594	3614
3595	3615
3596	3616
3597	3617
3598	3618
3599	3619
3600	3620
3601	3621
3602	3622
3603	3623
3604	3624
3605	3625
3606	3626
3607	3627
3608	3628
3609	3629
3610	3630
3611	3631
3612	3632
3613	3633
3614	3634
3615	3635
3616	3636
3617	3637
3618	3638
3619	3639
3620	3640
3621	3641
3622	3642
3623	3643
3624	3644
3625	3645
3626	3646
3627	3647
3628	3648
3629	3649
3630	3650
3631	3651
3632	3652
3633	3653
3634	3654
3635	3655
3636	3656
3637	3657
3638	3658
3639	3659
3640	3660
3641	3661
3642	3662
3643	3663
3644	3664
3645	3665
3646	3666
3647	3667
3648	3668
3649	3669
3650	3670
3651	3671
3652	3672
3653	3673
3654	3674
3655	3675
3656	3676
3657	3677
3658	3678
3659	3679
3660	3680
3661	3681
3662	3682
3663	3683
3664	3684
3665	3685
3666	3686
3667	3687
3668	3688
3669	3689
3670	3690
3671	3691
3672	3692
3673	3693
3674	3694
3675	3695
3676	3696
3677	3697
3678	3698
3679	3699
3680	3700
3681	3701
3682	3702
3683	3703
3684	3704
3685	3705
3686	3706
3687	3707
3688	3708
3689	3709
3690	3710
3691	3711
3692	3712
3693	3713
3694	3714
3695	3715
3696	3716
3697	3717
3698	3718
3699	3719
3700	3720
3701	3721
3702	3722
3703	3723
3704	3724
3705	3725
3706	3726
3707	3727
3708	3728
3709	3729
3710	3730
3711	3731
3712	3732
3713	3733
3714	3734
3715	3735
3716	3736
3717	3737
3718	3738
3719	3739
3720	3740
3721	3741
3722	3742
3723	3743
3724	3744
3725	3745
3726	3746
3727	3747
3728	3748
3729	3749
3730	3750
3731	3751
3732	3752
3733	3753
3734	3754
3735	3755
3736	3756
3737	3757
3738	3758
3739	3759
3740	3760
3741	3761
3742	3762
3743	3763
3744	3764
3745	3765
3746	3766
3747	3767
3748	3768
3749	3769
3750	3770
3751	3771
3752	3772
3753	3773
3754	3774
3755	3775
3756	3776
3757	3777
3758	3778
3759	3779
3760	3780
3761	3781
3762	3782
3763	3783
3764	3784
3765	3785
3766	3786
3767	3787
3768	3788
3769	3789
3770	3790
3771	3791
3772	3792
3773	3793
3774	3794
3775	3795
3776	3796
3777	3797
3778	3798
3779	3799
3780	3800
3781	3801
3782	3802
3783	3803
3784	3804
3785	3805
3786	3806
3787	3807
3788	3808
3789	3809
3790	3810
3791	3811
3792	3812
3793	3813
3794	3814
3795	3815
3796	3816
3797	3817
3798	3818
3799	3819
3800	3820
3801	3821
3802	3822
3803	3823
3804	3824
3805	3825
3806	3826
3807	3827
3808	3828
3809	3829
3810	3830
3811	3831
3812	3832
3813	3833
3814	3834
3815	3835
3816	3836
3817	3839
3818	3840
3819	3841
3820	3842
3821	3843
3822	3844
3823	3845
3824	3846
3825	3847
3826	3848
3827	3849
3828	3850
3829	3851
3830	3852
3831	3853
3832	3854
3833	3855
3834	3856
3835	3857
3836	3858
3837	3859
3838	3860
3839	3861
3840	3862
3841	3863
3842	3864
3843	3866
3844	3867
3845	3868
3846	3869
3847	3870
3848	3871
3849	3872
3850	3873
3851	3874
3852	3875
3853	3876
3854	3877
3855	3878
3856	3879
3857	3880
3858	3881
3859	3882
3860	3883
3861	3884
3862	3885
3863	3886
3864	3887
3865	3888
3866	3889
3867	3890
3868	3891
3869	3892
3870	3893
3871	3895
3872	3896
3873	3897
3874	3898
3875	3899
3876	3900
3877	3901
3878	3902
3879	3903
3880	3904
3881	3905
3882	3906
3883	3907
3884	3908
3885	3909
3886	3910
3887	3911
3888	3912
3889	3913
3890	3914
3891	3915
3892	3916
3893	3917
3894	3918
3895	3919
3896	3920
3897	3921
3898	3922
3899	3923
3900	3924
3901	3925
3902	3926
3903	3927
3904	3928
3905	3929
3906	3930
3907	3931
3908	3932
3909	3933
3910	3934
3911	3935
3912	3936
3913	3937
3914	3938
3915	3939
3916	3940
3917	3941
3918	3942
3919	3943
3920	3944
3921	3945
3922	3946
3923	3947
3924	3948
3925	3949
3926	3950
3927	3951
3928	3952
3929	3953
3930	3954
3931	3955
3932	3956
3933	3957
3934	3958
3935	3959
3936	3960
3937	3961
3938	3962
3939	3963
3940	3964
3941	3965
3942	3966
3943	3967
3944	3968
3945	3969
3946	3970
3947	3971
3948	3972
3949	3973
3950	3974
3951	3975
3952	3976
3953	3977
3954	3978
3955	3979
3956	3980
3957	3981
3958	3982
3959	3983
3960	3984
3961	3985
3962	3986
3963	3987
3964	3988
3965	3989
3966	3990
3967	3991
3968	3992
3969	3993
3970	3994
3971	3995
3972	3996
3973	3997
3974	3998
3975	3999
3976	4000
3977	4001
3978	4002
3979	4003
3980	4004
3981	4005
3982	4006
3983	4007
3984	4008
3985	4009
3986	4010
3987	4011
3988	4012
3989	4013
3990	4014
3991	4015
3992	4016
3993	4017
3994	4018
3995	4019
3996	4020
3997	4021
3998	4022
3999	4023
4000	4024
4001	4025
4002	4026
4003	4027
4004	4028
4005	4029
4006	4030
4007	4031
4008	4032
4009	4033
4010	4034
4011	4035
4012	4036
4013	4037
4014	4038
4015	4039
4016	4040
4017	4041
4018	4042
4019	4043
4020	4044
4021	4045
4022	4046
4023	4047
4024	4048
4025	4049
4026	4050
4027	4051
4028	4052
4029	4053
4030	4054
4031	4055
4032	4056
4033	4057
4034	4058
4035	4059
4036	4060
4037	4061
4038	4062
4039	4063
4040	4064
4041	4065
4042	4066
4043	4067
4044	4068
4045	4069
4046	4070
4047	4071
4048	4072
4049	4073
4050	4074
4051	4075
4052	4076
4053	4077
4054	4078
4055	4079
4056	4080
4057	4081
4058	4082
4059	4083
4060	4084
4061	4085
4062	4086
4063	4087
4064	4088
4065	4089
4066	4090
4067	4091
4068	4092
4069	4093
4070	4094
4071	4095
4072	4096
4073	4097
4074	4098
4075	4099
4076	4100
4077	4101
4078	4102
4079	4103
4080	4104
4081	4105
4082	4106
4083	4107
4084	4108
4085	4109
4086	4110
4087	4111
4088	4112
4089	4113
4090	4114
4091	4115
4092	4116
4093	4117
4094	4118
4095	4119
4096	4120
4097	4121
4098	4122
4099	4123
4100	4124
4101	4125
4102	4126
4103	4127
4104	4128
4105	4129
4106	4130
4107	4131
4108	4132
4109	4133
4110	4134
4111	4135
4112	4136
4113	4137
4114	4138
4115	4139
4116	4140
4117	4141
4118	4142
4119	4143
4120	4144
4121	4145
4122	4146
4123	4147
4124	4148
4125	4149
4126	4150
4127	4151
4128	4152
4129	4153
4130	4154
4131	4155
4132	4156
4133	4157
4134	4158
4135	4159
4136	4160
4137	4161
4138	4162
4139	4163
4140	4164
4141	4165
4142	4166
4143	4167
4144	4168
4145	4169
4146	4170
4147	4171
4148	4172
4149	4173
4150	4174
4151	4175
4152	4176
4153	4177
4154	4178
4155	4179
4156	4180
4157	4181
4158	4182
4159	4183
4160	4184
4161	4185
4162	4186
4163	4187
4164	4188
4165	4189
4166	4190
4167	4191
4168	4192
4169	4193
4170	4194
4171	4195
4172	4196
4173	4197
4174	4198
4175	4199
4176	4200
4177	4201
4178	4202
4179	4203
4180	4204
4181	4205
4182	4206
4183	4207
4184	4208
4185	4209
4186	4210
4187	4211
4188	4212
4189	4213
4190	4214
4191	4215
4192	4216
4193	4217
4194	4218
4195	4219
4196	4220
4197	4221
4198	4222
4199	4223
4200	4224
4201	4225
4202	4226
4203	4227
4204	4228
4205	4229
4206	4230
4207	4231
4208	4232
4209	4233
4210	4234
4211	4235
4212	4236
4213	4237
4214	4238
4215	4239
4216	4240
4217	4241
4218	4242
4219	4243
4220	4244
4221	4245
4222	4246
4223	4247
4224	4248
4225	4249
4226	4250
4227	4251
4228	4252
4229	4253
4230	4254
4231	4255
4232	4256
4233	4257
4234	4258
4235	4259
4236	4260
4237	4261
4238	4262
4239	4263
4240	4264
4241	4265
4242	4266
4243	4267
4244	4268
4245	4269
4246	4270
4247	4271
4248	4272
4249	4273
4250	4274
4251	4275
4252	4276
4253	4277
4254	4278
4255	4279
4256	4280
4257	4281
4258	4282
4259	4283
4260	4284
4261	4285
4262	4286
4263	4287
4264	4288
4265	4289
4266	4290
4267	4291
4268	4292
4269	4293
4270	4294
4271	4295
4272	4296
4273	4297
4274	4298
4275	4299
4276	4300
4277	4301
4278	4302
4279	4303
4280	4304
4281	4305
4282	4306
4283	4307
4284	4308
4285	4309
4286	4310
4287	4311
4288	4312
4289	4313
4290	4314
4291	4315
4292	4316
4293	4317
4294	4318
4295	4319
4296	4320
4297	4321
4298	4322
4299	4323
4300	4324
4301	4325
4302	4326
4303	4327
4304	4328
4305	4329
4306	4330
4307	4331
4308	4332
4309	4333
4310	4334
4311	4335
4312	4336
4313	4337
4314	4338
4315	4339
4316	4340
4317	4341
4318	4342
4319	4343
4320	4344
4321	4345
4322	4346
4323	4347
4324	4348
4325	4349
4326	4350
4327	4351
4328	4352
4329	4353
4330	4354
4331	4355
4332	4356
4333	4357
4334	4358
4335	4359
4336	4360
4337	4361
4338	4362
4339	4363
4340	4364
4341	4365
4342	4366
4343	4367
4344	4368
4345	4369
4346	4370
4347	4371
4348	4372
4349	4373
4350	4374
4351	4375
4352	4376
4353	4377
4354	4378
4355	4379
4356	4380
4357	4381
4358	4382
4359	4383
4360	4384
4361	4385
4362	4386
4363	4387
4364	4388
4365	4389
4366	4390
4367	4391
4368	4392
4369	4393
4370	4394
4371	4395
4372	4396
4373	4397
4374	4398
4375	4399
4376	4400
4377	4401
4378	4402
4379	4403
4380	4404
4381	4405
4382	4406
4383	4407
4384	4408
4385	4409
4386	4410
4387	4411
4388	4412
4389	4413
4390	4414
4391	4415
4392	4416
4393	4417
4394	4418
4395	4419
4396	4420
4397	4421
4398	4422
4399	4423
4400	4424
4401	4425
4402	4426
4403	4427
4404	4428
4405	4429
4406	4430
4407	4431
4408	4432
4409	4433
4410	4434
4411	4435
4412	4436
4413	4437
4414	4438
4415	4439
4416	4440
4417	4441
4418	4442
4419	4443
4420	4444
4421	4445
4422	4446
4423	4447
4424	4448
4425	4449
4426	4450
4427	4451
4428	4452
4429	4453
4430	4454
4431	4455
4432	4456
4433	4457
4434	4458
4435	4459
4436	4460
4437	4461
4438	4462
4439	4463
4440	4464
4441	4465
4442	4466
4443	4467
4444	4468
4445	4469
4446	4470
4447	4471
4448	4472
4449	4473
4450	4474
4451	4475
4452	4476
4453	4477
4454	4478
4455	4479
4456	4480
4457	4481
4458	4482
4459	4483
4460	4484
4461	4485
4462	4486
4463	4487
4464	4488
4465	4489
4466	4490
4467	4491
4468	4492
4469	4493
4470	4494
4471	4495
4472	4496
4473	4497
4474	4498
4475	4499
4476	4500
4477	4501
4478	4502
4479	4503
4480	4504
4481	4505
4482	4506
4483	4507
4484	4508
4485	4509
4486	4510
4487	4511
4488	4512
4489	4513
4490	4514
4491	4515
4492	4516
4493	4517
4494	4518
4495	4519
4496	4520
4497	4521
4498	4522
4499	4523
4500	4524
4501	4525
4502	4526
4503	4527
4504	4528
4505	4529
4506	4530
4507	4531
4508	4532
4509	4533
4510	4534
4511	4535
4512	4536
4513	4537
4514	4538
4515	4539
4516	4540
4517	4541
4518	4542
4519	4543
4520	4544
4521	4545
4522	4546
4523	4547
4524	4548
4525	4549
4526	4550
4527	4551
4528	4552
4529	4553
4530	4554
4531	4555
4532	4556
4533	4557
4534	4558
4535	4559
4536	4560
4537	4561
4538	4562
4539	4563
4540	4564
4541	4565
4542	4566
4543	4567
4544	4568
4545	4569
4546	4570
4547	4571
4548	4572
4549	4573
4550	4574
4551	4575
4552	4576
4553	4577
4554	4578
4555	4579
4556	4580
4557	4581
4558	4582
4559	4583
4560	4584
4561	4585
4562	4586
4563	4587
4564	4588
4565	4589
4566	4590
4567	4591
4568	4592
4569	4593
4570	4594
4571	4595
4572	4596
4573	4597
4574	4598
4575	4599
4576	4600
4577	4601
4578	4602
4579	4603
4580	4604
4581	4605
4582	4606
4583	4607
4584	4608
4585	4609
4586	4610
4587	4611
4588	4612
4589	4613
4590	4614
4591	4615
4592	4616
4593	4617
4594	4618
4595	4619
4596	4620
4597	4621
4598	4622
4599	4623
4600	4624
4601	4625
4602	4626
4603	4627
4604	4628
4605	4629
4606	4630
4607	4631
4608	4632
4609	4633
4610	4634
4611	4635
4612	4636
4613	4637
4614	4638
4615	4639
4616	4640
4617	4641
4618	4642
4619	4643
4620	4644
4621	4645
4622	4646
4623	4647
4624	4648
4625	4649
4626	4650
4627	4651
4628	4652
4629	4653
4630	4654
4631	4655
4632	4656
4633	4657
4634	4658
4635	4659
4636	4660
4637	4661
4638	4662
4639	4663
4640	4664
4641	4665
4642	4666
4643	4667
4644	4668
4645	4669
4646	4670
4647	4671
4648	4672
4649	4673
4650	4674
4651	4675
4652	4676
4653	4677
4654	4678
4655	4679
4656	4680
4657	4681
4658	4682
4659	4683
4660	4684
4661	4685
4662	4686
4663	4687
4664	4688
4665	4689
4666	4690
4667	4691
4668	4692
4669	4693
4670	4694
4671	4695
4672	4696
4673	4697
4674	4698
4675	4699
4676	4700
4677	4701
4678	4702
4679	4703
4680	4704
4681	4705
4682	4706
4683	4707
4684	4708
4685	4709
4686	4710
4687	4711
4688	4712
4689	4713
4690	4714
4691	4715
4692	4716
4693	4717
4694	4718
4695	4719
4696	4720
4697	4721
4698	4722
4699	4723
4700	4724
4701	4725
4702	4726
4703	4727
4704	4728
4705	4729
4706	4730
4707	4731
4708	4732
4709	4733
4710	4734
4711	4735
4712	4736
4713	4737
4714	4738
4715	4739
4716	4740
4717	4741
4718	4742
4719	4743
4720	4744
4721	4745
4722	4746
4723	4747
4724	4748
4725	4749
4726	4750
4727	4751
4728	4752
4729	4753
4730	4754
4731	4755
4732	4756
4733	4757
4734	4758
4735	4759
4736	4760
4737	4761
4738	4762
4739	4763
4740	4764
4741	4765
4742	4766
4743	4767
4744	4768
4745	4769
4746	4770
4747	4771
4748	4772
4749	4773
4750	4774
4751	4775
4752	4776
4753	4777
4754	4778
4755	4779
4756	4780
4757	4781
4758	4782
4759	4783
4760	4784
4761	4785
4762	4786
4763	4787
4764	4788
4765	4789
4766	4790
4767	4791
4768	4792
4769	4793
4770	4794
4771	4795
4772	4796
4773	4797
4774	4798
4775	4799
4776	4800
4777	4801
4778	4802
4779	4803
4780	4804
4781	4805
4782	4806
4783	4807
