New Node 	 Old Node
1	1
2	2
3	3
4	4
5	5
6	6
7	7
8	8
9	9
10	10
11	11
12	12
13	13
14	14
15	15
16	16
17	17
18	18
19	19
20	20
21	21
22	22
23	23
24	24
25	25
26	26
27	27
28	28
29	29
30	30
31	31
32	32
33	33
34	34
35	35
36	36
37	37
38	38
39	39
40	40
41	41
42	42
43	43
44	44
45	45
46	46
47	47
48	48
49	49
50	50
51	51
52	52
53	53
54	54
55	55
56	56
57	57
58	58
59	59
60	60
61	61
62	62
63	63
64	64
65	65
66	66
67	67
68	68
69	69
70	70
71	71
72	72
73	73
74	74
75	75
76	76
77	77
78	78
79	79
80	80
81	81
82	82
83	83
84	84
85	85
86	86
87	87
88	88
89	89
90	90
91	91
92	92
93	93
94	94
95	95
96	96
97	97
98	98
99	99
100	100
101	101
102	102
103	103
104	104
105	105
106	106
107	107
108	108
109	109
110	110
111	201
112	202
113	203
114	204
115	205
116	206
117	207
118	208
119	209
120	210
121	211
122	212
123	213
124	214
125	215
126	216
127	217
128	218
129	219
130	220
131	221
132	222
133	223
134	224
135	225
136	226
137	227
138	228
139	229
140	230
141	231
142	232
143	233
144	234
145	235
146	236
147	237
148	238
149	239
150	240
151	241
152	242
153	243
154	244
155	245
156	246
157	247
158	248
159	249
160	250
161	251
162	252
163	253
164	254
165	255
166	256
167	257
168	258
169	259
170	260
171	261
172	262
173	263
174	264
175	265
176	266
177	267
178	268
179	269
180	270
181	271
182	272
183	273
184	274
185	275
186	276
187	277
188	278
189	279
190	280
191	281
192	282
193	283
194	284
195	285
196	286
197	287
198	288
199	289
200	290
201	291
202	292
203	293
204	294
205	295
206	296
207	297
208	298
209	299
210	300
211	301
212	302
213	303
214	304
215	305
216	306
217	307
218	308
219	309
220	310
221	311
222	312
223	313
224	314
225	315
226	316
227	317
228	318
229	319
230	320
231	321
232	322
233	323
234	324
235	325
236	326
237	327
238	328
239	329
240	330
241	331
242	332
243	333
244	334
245	335
246	336
247	337
248	338
249	339
250	340
251	341
252	342
253	343
254	344
255	345
256	346
257	347
258	348
259	349
260	350
261	351
262	352
263	353
264	354
265	355
266	356
267	357
268	358
269	359
270	360
271	361
272	362
273	363
274	364
275	365
276	366
277	367
278	368
279	369
280	370
281	371
282	372
283	373
284	374
285	375
286	376
287	377
288	378
289	379
290	380
291	381
292	382
293	383
294	384
295	385
296	386
297	387
298	388
299	389
300	390
301	391
302	392
303	393
304	394
305	395
306	396
307	397
308	398
309	399
310	400
311	401
312	402
313	403
314	404
315	405
316	406
317	407
318	408
319	409
320	410
321	411
322	412
323	413
324	414
325	415
326	416
327	417
328	418
329	419
330	420
331	421
332	422
333	423
334	424
335	425
336	426
337	427
338	428
339	429
340	430
341	431
342	432
343	433
344	434
345	435
346	436
347	437
348	438
349	439
350	440
351	441
352	442
353	443
354	444
355	445
356	446
357	447
358	448
359	449
360	450
361	451
362	452
363	453
364	454
365	455
366	456
367	457
368	458
369	459
370	460
371	461
372	462
373	463
374	464
375	465
376	466
377	467
378	468
379	469
380	470
381	471
382	472
383	473
384	474
385	475
386	476
387	477
388	478
389	479
390	480
391	481
392	482
393	483
394	484
395	485
396	486
397	487
398	488
399	489
400	490
401	491
402	492
403	493
404	494
405	495
406	496
407	497
408	498
409	499
410	500
411	501
412	502
413	503
414	504
415	505
416	506
417	507
418	508
419	509
420	510
421	511
422	512
423	513
424	514
425	515
426	516
427	517
428	518
429	519
430	520
431	521
432	522
433	523
434	524
435	525
436	526
437	527
438	528
439	529
440	530
441	531
442	532
443	533
444	534
445	535
446	536
447	537
448	538
449	539
450	540
451	541
452	542
453	543
454	544
455	545
456	546
457	547
458	548
459	549
460	550
461	551
462	552
463	553
464	554
465	555
466	556
467	557
468	558
469	559
470	560
471	561
472	562
473	563
474	564
475	565
476	566
477	567
478	568
479	569
480	570
481	571
482	572
483	573
484	574
485	575
486	576
487	577
488	578
489	579
490	580
491	581
492	582
493	583
494	584
495	585
496	586
497	587
498	588
499	589
500	590
501	591
502	592
503	593
504	594
505	595
506	596
507	597
508	598
509	599
510	600
511	601
512	602
513	603
514	604
515	605
516	606
517	607
518	608
519	609
520	610
521	611
522	612
523	613
524	614
525	615
526	616
527	617
528	618
529	619
530	620
531	621
532	622
533	623
534	624
535	625
536	626
537	627
538	628
539	629
540	630
541	631
542	632
543	633
544	634
545	635
546	636
547	637
548	638
549	639
550	640
551	641
552	642
553	643
554	644
555	645
556	646
557	647
558	648
559	649
560	650
561	651
562	652
563	653
564	654
565	655
566	656
567	657
568	658
569	659
570	660
571	661
572	662
573	663
574	664
575	665
576	666
577	667
578	668
579	669
580	670
581	671
582	672
583	673
584	674
585	675
586	676
587	677
588	678
589	679
590	680
591	681
592	682
593	683
594	684
595	685
596	686
597	687
598	688
599	689
600	690
601	691
602	692
603	693
604	694
605	695
606	696
607	697
608	698
609	699
610	700
611	701
612	702
613	703
614	704
615	705
616	706
617	707
618	708
619	709
620	710
621	711
622	712
623	713
624	714
625	715
626	716
627	717
628	718
629	719
630	720
631	721
632	722
633	723
634	724
635	725
636	726
637	727
638	728
639	729
640	730
641	731
642	732
643	733
644	734
645	735
646	736
647	737
648	738
649	739
650	740
651	741
652	742
653	743
654	744
655	745
656	746
657	747
658	748
659	749
660	750
661	751
662	752
663	753
664	754
665	755
666	756
667	757
668	758
669	759
670	760
671	761
672	762
673	763
674	764
675	765
676	766
677	767
678	768
679	769
680	770
681	771
682	772
683	773
684	774
685	775
686	776
687	777
688	778
689	779
690	780
691	781
692	782
693	783
694	784
695	785
696	786
697	787
698	788
699	789
700	790
701	791
702	792
703	793
704	794
705	795
706	796
707	797
708	798
709	799
710	800
711	801
712	802
713	803
714	804
715	805
716	806
717	807
718	808
719	809
720	810
721	811
722	812
723	813
724	814
725	815
726	816
727	817
728	818
729	819
730	820
731	821
732	822
733	823
734	824
735	825
736	826
737	827
738	828
739	829
740	830
741	831
742	832
743	833
744	834
745	835
746	836
747	837
748	838
749	839
750	840
751	841
752	842
753	843
754	844
755	845
756	846
757	847
758	848
759	849
760	850
761	851
762	852
763	853
764	854
765	855
766	856
767	857
768	858
769	859
770	860
771	861
772	862
773	863
774	864
775	865
776	866
777	867
778	868
779	869
780	870
781	871
782	872
783	873
784	874
785	875
786	876
787	877
788	878
789	879
790	880
791	881
792	882
793	883
794	884
795	885
796	886
797	887
798	888
799	889
800	890
801	891
802	892
803	893
804	894
805	895
806	896
807	897
808	898
809	899
810	900
811	901
812	902
813	903
814	904
815	905
816	906
817	907
818	908
819	909
820	910
821	911
822	912
823	913
824	914
825	915
826	916
827	917
828	918
829	919
830	920
831	921
832	922
833	923
834	924
835	925
836	926
837	927
838	928
839	929
840	930
841	931
842	932
843	933
844	934
845	935
846	936
847	937
848	938
849	939
850	940
851	941
852	942
853	943
854	944
855	945
856	946
857	947
858	948
859	949
860	950
861	951
862	952
863	953
864	954
865	955
866	956
867	957
868	958
869	959
870	960
871	961
872	962
873	963
874	964
875	965
876	966
877	967
878	968
879	969
880	970
881	971
882	972
883	973
884	974
885	975
886	976
887	977
888	978
889	979
890	980
891	981
892	982
893	983
894	984
895	985
896	986
897	987
898	988
899	989
900	990
901	991
902	992
903	993
904	994
905	995
906	996
907	997
908	998
909	999
910	1000
911	1001
912	1002
913	1003
914	1004
915	1005
916	1006
917	1007
918	1008
919	1009
920	1010
921	1011
922	1012
923	1013
924	1014
925	1015
926	1016
927	1017
928	1018
929	1019
930	1020
