New Node 	 Old Node
1	1
2	2
3	3
4	4
5	5
6	6
7	7
8	8
9	9
10	10
11	11
12	12
13	13
14	14
15	15
16	16
17	17
18	18
19	19
20	20
21	21
22	22
23	23
24	24
25	25
26	26
27	27
28	28
29	29
30	30
31	31
32	32
33	33
34	34
35	35
36	36
37	37
38	38
39	39
40	40
41	41
42	42
43	43
44	44
45	45
46	46
47	47
48	48
49	49
50	50
51	51
52	52
53	53
54	54
55	55
56	56
57	57
58	58
59	59
60	60
61	61
62	62
63	63
64	64
65	65
66	66
67	67
68	68
69	69
70	70
71	71
72	72
73	73
74	74
75	75
76	76
77	77
78	78
79	79
80	80
81	81
82	82
83	83
84	84
85	85
86	86
87	87
88	88
89	89
90	90
91	91
92	92
93	93
94	94
95	95
96	96
97	97
98	98
99	99
100	100
101	101
102	102
103	103
104	104
105	105
106	106
107	107
108	108
109	109
110	110
111	111
112	112
113	113
114	114
115	115
116	116
117	117
118	118
119	119
120	120
121	121
122	122
123	123
124	124
125	125
126	126
127	127
128	128
129	129
130	130
131	131
132	132
133	133
134	134
135	135
136	136
137	137
138	138
139	139
140	140
141	141
142	142
143	143
144	144
145	145
146	146
147	147
148	148
149	149
150	150
151	151
152	152
153	153
154	154
155	155
156	156
157	157
158	158
159	159
160	160
161	161
162	162
163	163
164	164
165	165
166	166
167	167
168	168
169	169
170	170
171	171
172	172
173	173
174	174
175	175
176	176
177	181
178	183
179	184
180	185
181	186
182	187
183	188
184	189
185	190
186	191
187	192
188	193
189	194
190	195
191	196
192	197
193	198
194	199
195	200
196	201
197	202
198	203
199	204
200	205
201	206
202	207
203	208
204	209
205	210
206	211
207	212
208	213
209	214
210	215
211	216
212	217
213	218
214	219
215	220
216	221
217	222
218	223
219	224
220	230
221	231
222	232
223	233
224	234
225	235
226	236
227	237
228	238
229	240
230	243
231	244
232	245
233	246
234	247
235	249
236	250
237	251
238	252
239	262
240	263
241	264
242	265
243	268
244	269
245	270
246	272
247	273
248	274
249	275
250	277
251	278
252	279
253	280
254	281
255	282
256	283
257	284
258	285
259	286
260	287
261	288
262	289
263	291
264	292
265	293
266	294
267	295
268	298
269	299
270	300
271	301
272	302
273	303
274	304
275	305
276	306
277	307
278	308
279	309
280	310
281	311
282	312
283	313
284	314
285	315
286	316
287	317
288	318
289	319
290	320
291	321
292	322
293	323
294	324
295	325
296	326
297	327
298	328
299	329
300	332
301	333
302	334
303	337
304	338
305	339
306	340
307	341
308	342
309	343
310	344
311	345
312	346
313	347
314	348
315	349
316	350
317	351
318	352
319	353
320	354
321	355
322	357
323	358
324	359
325	360
326	361
327	362
328	363
329	364
330	365
331	366
332	367
333	368
334	372
335	375
336	376
337	377
338	378
339	387
340	388
341	389
342	390
343	391
344	392
345	393
346	394
347	395
348	396
349	397
350	398
351	399
352	400
353	401
354	402
355	403
356	404
357	405
358	406
359	407
360	408
361	409
362	410
363	411
364	412
365	413
366	414
367	415
368	416
369	417
370	418
371	419
372	425
373	426
374	427
375	428
376	429
377	430
378	431
379	432
380	433
381	434
382	435
383	436
384	437
385	439
386	440
387	441
388	442
389	443
390	444
391	445
392	446
393	447
394	448
395	451
396	452
397	459
398	460
399	461
400	462
401	465
402	466
403	467
404	468
405	469
406	470
407	473
408	474
409	475
410	476
411	478
412	479
413	480
414	482
415	483
416	484
417	485
418	486
419	487
420	488
421	489
422	490
423	491
424	492
425	493
426	494
427	495
428	496
429	497
430	498
431	499
432	500
433	501
434	502
435	503
436	504
437	505
438	506
439	507
440	508
441	509
442	510
443	511
444	512
445	513
446	514
447	515
448	516
449	517
450	518
451	519
452	520
453	521
454	522
455	523
456	524
457	525
458	526
459	527
460	528
461	529
462	530
463	531
464	532
465	533
466	534
467	535
468	536
469	537
470	538
471	539
472	540
473	541
474	542
475	543
476	544
477	545
478	546
479	547
480	548
481	549
482	550
483	551
484	552
485	553
486	554
487	555
488	556
489	557
490	560
491	561
492	562
493	565
494	566
495	568
496	569
497	570
498	571
499	572
500	573
501	574
502	575
503	576
504	577
505	578
506	579
507	580
508	582
509	583
510	586
511	587
512	588
513	589
514	590
515	591
516	592
517	593
518	594
519	595
520	596
521	597
522	598
523	599
524	600
525	601
526	602
527	603
528	604
529	605
530	606
531	607
532	608
533	609
534	610
535	611
536	612
537	618
538	619
539	621
540	624
541	625
542	626
543	627
544	628
545	629
546	630
547	631
548	632
549	633
550	634
551	635
552	636
553	637
554	638
555	639
556	641
557	642
558	643
559	644
560	645
561	646
562	647
563	648
564	649
565	650
566	651
567	652
568	653
569	654
570	655
571	657
572	658
573	659
574	660
575	661
576	662
577	663
578	664
579	665
580	666
581	667
582	668
583	670
584	671
585	672
586	673
587	674
588	675
589	676
590	677
591	678
592	679
593	680
594	681
595	682
596	683
597	684
598	685
599	686
600	687
601	688
602	689
603	690
604	691
605	693
606	694
607	695
608	696
609	697
610	698
611	699
612	700
613	701
614	702
615	703
616	704
617	705
618	706
619	707
620	708
621	709
622	712
623	713
624	714
625	715
626	716
627	717
628	718
629	719
630	720
631	721
632	722
633	723
634	724
635	725
636	726
637	727
638	728
639	729
640	730
641	731
642	732
643	733
644	734
645	735
646	736
647	737
648	738
649	739
650	740
651	741
652	742
653	743
654	744
655	745
656	746
657	747
658	748
659	749
660	750
661	751
662	752
663	753
664	754
665	755
666	756
667	757
668	758
669	759
670	760
671	761
672	762
673	763
674	764
675	765
676	766
677	767
678	768
679	769
680	770
681	771
682	772
683	773
684	774
685	775
686	776
687	777
688	778
689	779
690	780
691	781
692	782
693	783
694	784
695	785
696	787
697	788
698	789
699	790
700	791
701	796
702	798
703	799
704	800
705	801
706	802
707	803
708	804
709	805
710	806
711	807
712	808
713	809
714	810
715	812
716	813
717	814
718	815
719	816
720	819
721	820
722	821
723	822
724	823
725	824
726	825
727	826
728	827
729	828
730	829
731	835
732	837
733	838
734	839
735	840
736	841
737	842
738	843
739	844
740	845
741	846
742	847
743	848
744	849
745	850
746	851
747	852
748	853
749	854
750	855
751	856
752	857
753	858
754	859
755	860
756	861
757	862
758	863
759	864
760	865
761	866
762	868
763	869
764	870
765	871
766	872
767	873
768	874
769	875
770	876
771	877
772	878
773	879
774	880
775	881
776	882
777	883
778	884
779	885
780	886
781	887
782	888
783	889
784	890
785	891
786	892
787	893
788	894
789	895
790	896
791	897
792	898
793	899
794	900
795	901
796	902
797	903
798	904
799	905
800	906
801	907
802	908
803	909
804	910
805	911
806	912
807	913
808	914
809	915
810	916
811	917
812	918
813	919
814	920
815	921
816	922
817	923
818	924
819	925
820	926
821	927
822	928
823	929
824	930
825	931
826	932
827	933
828	934
829	935
830	936
831	937
832	938
833	939
834	940
835	941
836	942
837	943
838	944
839	945
840	946
841	947
842	948
843	949
844	950
845	951
846	952
847	953
848	954
849	955
850	956
851	957
852	958
853	959
854	960
855	961
856	962
857	963
858	964
859	965
860	966
861	967
862	968
863	969
864	970
865	971
866	972
867	973
868	974
869	975
870	976
871	977
872	978
873	979
874	980
875	981
876	982
877	983
878	984
879	985
880	986
881	987
882	988
883	989
884	990
885	991
886	992
887	993
888	994
889	995
890	996
891	997
892	998
893	999
894	1000
895	1001
896	1002
897	1003
898	1004
899	1005
900	1006
901	1007
902	1008
903	1009
904	1010
905	1011
906	1012
907	1014
908	1015
909	1016
910	1017
911	1018
912	1019
913	1020
914	1021
915	1022
916	1023
917	1024
918	1025
919	1026
920	1027
921	1028
922	1029
923	1030
924	1031
925	1032
926	1033
927	1034
928	1035
929	1036
930	1037
931	1040
932	1041
933	1042
934	1043
935	1044
936	1045
937	1046
938	1047
939	1048
940	1049
941	1050
942	1051
943	1052
944	1053
945	1054
946	1055
947	1056
948	1057
